0,75,19
1,112,19
2,116,19
3,60,19
4,79,19
5,62,19
6,105,19
7,57,19
8,60,19
9,71,19
0,95,19
1,56,19
2,68,19
3,78,19
4,92,19
5,57,19
6,80,19
7,84,19
8,88,19
9,98,19
0,67,3
1,90,3
2,72,3
3,75,3
4,110,3
5,68,3
6,60,3
7,60,3
8,130,3
9,64,3
0,70,16
1,67,16
2,80,16
3,75,16
4,61,16
5,114,16
6,59,16
7,112,16
8,74,16
9,85,16
0,76,0
1,99,0
2,70,0
3,107,0
4,92,0
5,68,0
6,66,0
7,73,0
8,53,0
9,93,0
0,84,13
1,60,13
2,80,13
3,88,13
4,59,13
5,78,13
6,82,13
7,133,13
8,57,13
9,74,13
0,75,8
1,78,8
2,60,8
3,74,8
4,66,8
5,92,8
6,80,8
7,58,8
8,102,8
9,111,8
0,57,1
1,111,1
2,75,1
3,58,1
4,68,1
5,104,1
6,80,1
7,88,1
8,80,1
9,74,1
0,40,10
1,72,10
2,76,10
3,107,10
4,72,10
5,60,10
6,84,10
7,105,10
8,86,10
9,94,10
0,90,11
1,72,11
2,94,11
3,44,11
4,96,11
5,64,11
6,117,11
7,71,11
8,87,11
9,62,11
0,78,17
1,83,17
2,82,17
3,59,17
4,92,17
5,72,17
6,80,17
7,75,17
8,76,17
9,99,17
0,148,4
1,62,4
2,70,4
3,143,4
4,51,4
5,84,4
6,78,4
7,40,4
8,46,4
9,74,4
0,137,7
1,79,7
2,50,7
3,88,7
4,112,7
5,49,7
6,52,7
7,95,7
8,55,7
9,78,7
0,124,12
1,60,12
2,114,12
3,27,12
4,88,12
5,94,12
6,88,12
7,68,12
8,76,12
9,57,12
0,88,14
1,85,14
2,53,14
3,140,14
4,76,14
5,40,14
6,88,14
7,87,14
8,90,14
9,48,14
0,43,15
1,77,15
2,116,15
3,61,15
4,80,15
5,77,15
6,125,15
7,77,15
8,71,15
9,68,15
0,110,2
1,44,2
2,104,2
3,53,2
4,76,2
5,89,2
6,68,2
7,89,2
8,90,2
9,73,2
0,75,6
1,121,6
2,55,6
3,59,6
4,65,6
5,69,6
6,92,6
7,87,6
8,82,6
9,92,6
0,84,18
1,76,18
2,68,18
3,97,18
4,59,18
5,84,18
6,108,18
7,110,18
8,52,18
9,59,18
0,61,5
1,88,5
2,120,5
3,52,5
4,67,5
5,88,5
6,119,5
7,72,5
8,46,5
9,82,5
0,80,9
1,46,9
2,67,9
3,65,9
4,102,9
5,127,9
6,43,9
7,101,9
8,70,9
9,96,9
0,61,8
1,63,8
2,52,8
3,60,8
4,78,8
5,122,8
6,88,8
7,115,8
8,108,8
9,48,8
0,68,4
1,160,4
2,50,4
3,52,4
4,85,4
5,92,4
6,60,4
7,105,4
8,90,4
9,34,4
0,67,15
1,73,15
2,64,15
3,74,15
4,69,15
5,54,15
6,101,15
7,55,15
8,121,15
9,117,15
0,71,11
1,104,11
2,95,11
3,48,11
4,80,11
5,74,11
6,78,11
7,65,11
8,97,11
9,84,11
0,46,13
1,104,13
2,91,13
3,85,13
4,80,13
5,98,13
6,22,13
7,124,13
8,82,13
9,64,13
0,92,7
1,76,7
2,99,7
3,84,7
4,59,7
5,28,7
6,72,7
7,156,7
8,44,7
9,88,7
0,67,10
1,65,10
2,135,10
3,69,10
4,77,10
5,95,10
6,95,10
7,52,10
8,87,10
9,55,10
0,76,3
1,46,3
2,30,3
3,48,3
4,76,3
5,122,3
6,105,3
7,55,3
8,54,3
9,184,3
0,52,9
1,60,9
2,74,9
3,79,9
4,144,9
5,59,9
6,66,9
7,79,9
8,84,9
9,99,9
0,76,18
1,96,18
2,108,18
3,52,18
4,49,18
5,120,18
6,77,18
7,71,18
8,65,18
9,83,18
0,102,1
1,105,1
2,76,1
3,120,1
4,47,1
5,88,1
6,68,1
7,64,1
8,60,1
9,68,1
0,145,16
1,27,16
2,112,16
3,28,16
4,95,16
5,74,16
6,86,16
7,85,16
8,84,16
9,60,16
0,75,14
1,60,14
2,95,14
3,36,14
4,69,14
5,45,14
6,82,14
7,124,14
8,147,14
9,62,14
0,85,2
1,76,2
2,78,2
3,96,2
4,77,2
5,24,2
6,76,2
7,109,2
8,95,2
9,78,2
0,58,19
1,101,19
2,92,19
3,60,19
4,88,19
5,106,19
6,52,19
7,90,19
8,77,19
9,72,19
0,78,5
1,75,5
2,76,5
3,84,5
4,66,5
5,56,5
6,74,5
7,73,5
8,128,5
9,85,5
0,98,6
1,31,6
2,40,6
3,76,6
4,100,6
5,54,6
6,132,6
7,87,6
8,84,6
9,95,6
0,96,17
1,92,17
2,118,17
3,70,17
4,73,17
5,43,17
6,84,17
7,61,17
8,39,17
9,120,17
0,97,0
1,76,0
2,84,0
3,99,0
4,82,0
5,64,0
6,56,0
7,80,0
8,54,0
9,104,0
0,64,12
1,94,12
2,31,12
3,102,12
4,84,12
5,94,12
6,101,12
7,94,12
8,98,12
9,34,12
0,64,2
1,89,2
2,34,2
3,87,2
4,107,2
5,88,2
6,69,2
7,84,2
8,88,2
9,85,2
0,64,19
1,104,19
2,69,19
3,88,19
4,67,19
5,81,19
6,54,19
7,77,19
8,81,19
9,111,19
0,82,17
1,56,17
2,44,17
3,83,17
4,124,17
5,67,17
6,104,17
7,96,17
8,59,17
9,83,17
0,108,10
1,82,10
2,53,10
3,80,10
4,81,10
5,90,10
6,64,10
7,88,10
8,92,10
9,57,10
0,56,9
1,94,9
2,58,9
3,128,9
4,72,9
5,93,9
6,48,9
7,98,9
8,69,9
9,80,9
0,101,7
1,56,7
2,85,7
3,93,7
4,94,7
5,60,7
6,100,7
7,104,7
8,44,7
9,59,7
0,41,6
1,82,6
2,56,6
3,98,6
4,84,6
5,88,6
6,91,6
7,109,6
8,91,6
9,56,6
0,56,13
1,70,13
2,40,13
3,94,13
4,133,13
5,74,13
6,65,13
7,48,13
8,97,13
9,120,13
0,30,14
1,95,14
2,75,14
3,159,14
4,64,14
5,92,14
6,60,14
7,89,14
8,52,14
9,80,14
0,72,4
1,57,4
2,100,4
3,76,4
4,69,4
5,124,4
6,80,4
7,64,4
8,73,4
9,81,4
0,82,1
1,111,1
2,48,1
3,108,1
4,90,1
5,55,1
6,101,1
7,56,1
8,42,1
9,104,1
0,64,11
1,54,11
2,119,11
3,90,11
4,65,11
5,65,11
6,96,11
7,54,11
8,93,11
9,96,11
0,75,18
1,69,18
2,70,18
3,68,18
4,77,18
5,67,18
6,59,18
7,107,18
8,101,18
9,103,18
0,60,5
1,61,5
2,93,5
3,125,5
4,87,5
5,96,5
6,61,5
7,33,5
8,84,5
9,94,5
0,99,16
1,53,16
2,93,16
3,89,16
4,35,16
5,136,16
6,55,16
7,70,16
8,71,16
9,95,16
0,98,3
1,73,3
2,38,3
3,82,3
4,59,3
5,100,3
6,140,3
7,78,3
8,80,3
9,48,3
0,108,8
1,60,8
2,62,8
3,52,8
4,68,8
5,124,8
6,76,8
7,48,8
8,110,8
9,86,8
0,67,12
1,86,12
2,91,12
3,84,12
4,59,12
5,87,12
6,62,12
7,109,12
8,88,12
9,64,12
0,62,0
1,60,0
2,60,0
3,109,0
4,82,0
5,58,0
6,72,0
7,104,0
8,88,0
9,100,0
0,109,15
1,86,15
2,72,15
3,49,15
4,87,15
5,124,15
6,34,15
7,84,15
8,80,15
9,71,15
0,81,4
1,67,4
2,68,4
3,129,4
4,84,4
5,110,4
6,75,4
7,95,4
8,52,4
9,35,4
0,80,18
1,92,18
2,114,18
3,74,18
4,72,18
5,72,18
6,75,18
7,62,18
8,65,18
9,90,18
0,57,17
1,40,17
2,80,17
3,31,17
4,135,17
5,93,17
6,137,17
7,47,17
8,80,17
9,96,17
0,54,15
1,40,15
2,47,15
3,164,15
4,84,15
5,79,15
6,140,15
7,56,15
8,69,15
9,63,15
0,119,0
1,103,0
2,60,0
3,76,0
4,68,0
5,40,0
6,52,0
7,98,0
8,103,0
9,76,0
0,98,11
1,52,11
2,152,11
3,89,11
4,40,11
5,131,11
6,71,11
7,58,11
8,45,11
9,60,11
0,78,5
1,94,5
2,69,5
3,99,5
4,54,5
5,83,5
6,98,5
7,100,5
8,72,5
9,50,5
0,88,16
1,62,16
2,56,16
3,79,16
4,74,16
5,96,16
6,93,16
7,52,16
8,70,16
9,126,16
0,73,6
1,83,6
2,72,6
3,105,6
4,64,6
5,73,6
6,72,6
7,84,6
8,67,6
9,104,6
0,56,2
1,110,2
2,57,2
3,114,2
4,82,2
5,102,2
6,57,2
7,72,2
8,62,2
9,84,2
0,109,10
1,104,10
2,96,10
3,41,10
4,79,10
5,88,10
6,64,10
7,73,10
8,70,10
9,70,10
0,84,1
1,117,1
2,124,1
3,63,1
4,80,1
5,60,1
6,34,1
7,88,1
8,72,1
9,74,1
0,64,8
1,71,8
2,58,8
3,72,8
4,60,8
5,54,8
6,63,8
7,123,8
8,120,8
9,112,8
0,56,14
1,77,14
2,77,14
3,61,14
4,64,14
5,76,14
6,121,14
7,29,14
8,148,14
9,86,14
0,51,7
1,110,7
2,84,7
3,79,7
4,56,7
5,115,7
6,101,7
7,63,7
8,83,7
9,55,7
0,77,3
1,102,3
2,80,3
3,56,3
4,82,3
5,40,3
6,89,3
7,84,3
8,80,3
9,105,3
0,83,19
1,73,19
2,120,19
3,45,19
4,91,19
5,65,19
6,79,19
7,35,19
8,75,19
9,131,19
0,28,9
1,69,9
2,58,9
3,104,9
4,102,9
5,116,9
6,24,9
7,113,9
8,112,9
9,71,9
0,87,12
1,56,12
2,74,12
3,84,12
4,45,12
5,88,12
6,176,12
7,64,12
8,62,12
9,59,12
0,141,13
1,102,13
2,108,13
3,60,13
4,52,13
5,45,13
6,40,13
7,76,13
8,96,13
9,76,13
0,71,2
1,73,2
2,99,2
3,108,2
4,136,2
5,82,2
6,32,2
7,89,2
8,60,2
9,47,2
0,138,19
1,76,19
2,67,19
3,76,19
4,86,19
5,96,19
6,46,19
7,71,19
8,88,19
9,52,19
0,87,18
1,48,18
2,84,18
3,45,18
4,60,18
5,90,18
6,98,18
7,113,18
8,54,18
9,116,18
0,114,6
1,60,6
2,88,6
3,90,6
4,64,6
5,93,6
6,68,6
7,68,6
8,98,6
9,54,6
0,65,0
1,91,0
2,50,0
3,96,0
4,86,0
5,74,0
6,96,0
7,113,0
8,52,0
9,73,0
0,67,11
1,105,11
2,91,11
3,106,11
4,80,11
5,52,11
6,56,11
7,59,11
8,140,11
9,41,11
0,132,17
1,72,17
2,47,17
3,135,17
4,52,17
5,88,17
6,88,17
7,46,17
8,62,17
9,74,17
0,88,13
1,42,13
2,104,13
3,102,13
4,132,13
5,72,13
6,76,13
7,60,13
8,61,13
9,56,13
0,79,8
1,52,8
2,112,8
3,76,8
4,107,8
5,62,8
6,95,8
7,126,8
8,38,8
9,50,8
0,36,15
1,100,15
2,91,15
3,93,15
4,65,15
5,77,15
6,69,15
7,104,15
8,73,15
9,87,15
0,71,16
1,100,16
2,86,16
3,57,16
4,68,16
5,105,16
6,44,16
7,92,16
8,81,16
9,91,16
0,63,12
1,85,12
2,53,12
3,108,12
4,55,12
5,82,12
6,85,12
7,93,12
8,74,12
9,98,12
0,46,14
1,111,14
2,118,14
3,130,14
4,82,14
5,52,14
6,46,14
7,40,14
8,75,14
9,96,14
0,104,5
1,84,5
2,69,5
3,81,5
4,93,5
5,51,5
6,83,5
7,80,5
8,64,5
9,87,5
0,81,7
1,130,7
2,61,7
3,111,7
4,56,7
5,44,7
6,60,7
7,77,7
8,116,7
9,59,7
0,73,3
1,84,3
2,48,3
3,61,3
4,120,3
5,48,3
6,109,3
7,72,3
8,72,3
9,108,3
0,56,9
1,58,9
2,64,9
3,132,9
4,63,9
5,94,9
6,84,9
7,114,9
8,64,9
9,67,9
0,165,4
1,84,4
2,64,4
3,91,4
4,83,4
5,55,4
6,44,4
7,75,4
8,58,4
9,78,4
0,60,10
1,68,10
2,137,10
3,100,10
4,72,10
5,52,10
6,61,10
7,42,10
8,72,10
9,132,10
0,85,1
1,112,1
2,79,1
3,60,1
4,37,1
5,108,1
6,104,1
7,79,1
8,91,1
9,42,1
0,87,4
1,80,4
2,80,4
3,48,4
4,136,4
5,56,4
6,90,4
7,76,4
8,77,4
9,65,4
0,82,0
1,47,0
2,45,0
3,70,0
4,74,0
5,88,0
6,112,0
7,88,0
8,126,0
9,64,0
0,87,9
1,92,9
2,77,9
3,91,9
4,56,9
5,80,9
6,59,9
7,79,9
8,77,9
9,100,9
0,58,6
1,48,6
2,40,6
3,58,6
4,100,6
5,67,6
6,137,6
7,73,6
8,89,6
9,127,6
0,67,7
1,139,7
2,80,7
3,127,7
4,72,7
5,67,7
6,70,7
7,48,7
8,46,7
9,80,7
0,128,19
1,40,19
2,68,19
3,79,19
4,87,19
5,76,19
6,105,19
7,65,19
8,100,19
9,49,19
0,57,2
1,104,2
2,89,2
3,87,2
4,77,2
5,92,2
6,66,2
7,112,2
8,57,2
9,54,2
0,120,18
1,107,18
2,65,18
3,60,18
4,101,18
5,134,18
6,34,18
7,64,18
8,64,18
9,46,18
0,108,8
1,56,8
2,107,8
3,88,8
4,70,8
5,45,8
6,98,8
7,96,8
8,76,8
9,52,8
0,68,10
1,97,10
2,92,10
3,80,10
4,71,10
5,70,10
6,72,10
7,94,10
8,84,10
9,69,10
0,99,17
1,47,17
2,82,17
3,80,17
4,64,17
5,76,17
6,90,17
7,141,17
8,52,17
9,65,17
0,56,11
1,84,11
2,78,11
3,71,11
4,83,11
5,81,11
6,93,11
7,83,11
8,100,11
9,68,11
0,69,1
1,96,1
2,45,1
3,89,1
4,130,1
5,52,1
6,72,1
7,74,1
8,76,1
9,92,1
0,123,12
1,96,12
2,64,12
3,85,12
4,69,12
5,40,12
6,88,12
7,67,12
8,84,12
9,80,12
0,100,3
1,84,3
2,100,3
3,52,3
4,51,3
5,53,3
6,62,3
7,42,3
8,115,3
9,137,3
0,104,16
1,124,16
2,84,16
3,64,16
4,44,16
5,74,16
6,83,16
7,89,16
8,84,16
9,48,16
0,40,14
1,65,14
2,95,14
3,94,14
4,91,14
5,104,14
6,57,14
7,108,14
8,54,14
9,88,14
0,101,15
1,64,15
2,67,15
3,59,15
4,78,15
5,64,15
6,97,15
7,88,15
8,110,15
9,69,15
0,50,13
1,111,13
2,68,13
3,72,13
4,115,13
5,81,13
6,80,13
7,65,13
8,63,13
9,91,13
0,55,5
1,82,5
2,88,5
3,108,5
4,68,5
5,56,5
6,64,5
7,88,5
8,87,5
9,101,5
0,62,5
1,84,5
2,60,5
3,44,5
4,76,5
5,51,5
6,43,5
7,109,5
8,132,5
9,136,5
0,124,13
1,115,13
2,56,13
3,99,13
4,90,13
5,85,13
6,60,13
7,95,13
8,40,13
9,33,13
0,132,9
1,33,9
2,61,9
3,74,9
4,68,9
5,81,9
6,71,9
7,78,9
8,133,9
9,64,9
0,89,12
1,53,12
2,60,12
3,102,12
4,65,12
5,73,12
6,100,12
7,78,12
8,93,12
9,81,12
0,68,6
1,72,6
2,128,6
3,88,6
4,104,6
5,69,6
6,70,6
7,44,6
8,92,6
9,60,6
0,41,19
1,106,19
2,66,19
3,120,19
4,90,19
5,59,19
6,66,19
7,104,19
8,68,19
9,76,19
0,105,7
1,104,7
2,52,7
3,71,7
4,59,7
5,113,7
6,97,7
7,48,7
8,47,7
9,100,7
0,55,14
1,75,14
2,108,14
3,109,14
4,56,14
5,60,14
6,61,14
7,59,14
8,130,14
9,83,14
0,57,18
1,56,18
2,112,18
3,96,18
4,97,18
5,84,18
6,101,18
7,92,18
8,45,18
9,56,18
0,59,11
1,97,11
2,72,11
3,132,11
4,47,11
5,74,11
6,85,11
7,72,11
8,81,11
9,76,11
0,86,0
1,80,0
2,77,0
3,107,0
4,88,0
5,67,0
6,85,0
7,73,0
8,45,0
9,88,0
0,59,4
1,155,4
2,52,4
3,62,4
4,40,4
5,90,4
6,100,4
7,99,4
8,69,4
9,70,4
0,132,1
1,75,1
2,60,1
3,80,1
4,60,1
5,86,1
6,70,1
7,46,1
8,107,1
9,80,1
0,59,10
1,108,10
2,128,10
3,32,10
4,52,10
5,104,10
6,60,10
7,89,10
8,89,10
9,76,10
0,36,8
1,80,8
2,88,8
3,81,8
4,92,8
5,89,8
6,88,8
7,71,8
8,72,8
9,98,8
0,90,15
1,99,15
2,72,15
3,81,15
4,52,15
5,71,15
6,87,15
7,77,15
8,46,15
9,122,15
0,23,17
1,62,17
2,108,17
3,88,17
4,63,17
5,61,17
6,108,17
7,93,17
8,95,17
9,96,17
0,60,16
1,40,16
2,109,16
3,96,16
4,90,16
5,85,16
6,119,16
7,64,16
8,68,16
9,66,16
0,84,2
1,56,2
2,100,2
3,79,2
4,60,2
5,97,2
6,65,2
7,136,2
8,52,2
9,68,2
0,104,3
1,60,3
2,113,3
3,75,3
4,71,3
5,49,3
6,31,3
7,137,3
8,92,3
9,64,3
0,61,12
1,53,12
2,84,12
3,58,12
4,40,12
5,112,12
6,116,12
7,119,12
8,75,12
9,77,12
0,76,3
1,127,3
2,51,3
3,74,3
4,29,3
5,64,3
6,91,3
7,118,3
8,79,3
9,88,3
0,152,2
1,69,2
2,65,2
3,54,2
4,92,2
5,59,2
6,93,2
7,100,2
8,40,2
9,72,2
0,115,17
1,71,17
2,81,17
3,77,17
4,86,17
5,84,17
6,84,17
7,85,17
8,80,17
9,34,17
0,121,9
1,85,9
2,80,9
3,93,9
4,51,9
5,81,9
6,60,9
7,83,9
8,95,9
9,47,9
0,90,16
1,95,16
2,92,16
3,98,16
4,80,16
5,80,16
6,58,16
7,92,16
8,60,16
9,52,16
0,68,4
1,56,4
2,100,4
3,109,4
4,38,4
5,88,4
6,86,4
7,53,4
8,118,4
9,79,4
0,88,5
1,48,5
2,64,5
3,100,5
4,78,5
5,116,5
6,96,5
7,50,5
8,94,5
9,62,5
0,59,7
1,90,7
2,74,7
3,71,7
4,63,7
5,84,7
6,88,7
7,60,7
8,94,7
9,113,7
0,113,6
1,43,6
2,65,6
3,68,6
4,68,6
5,64,6
6,94,6
7,120,6
8,65,6
9,95,6
0,32,0
1,110,0
2,87,0
3,113,0
4,101,0
5,108,0
6,44,0
7,48,0
8,89,0
9,64,0
0,82,10
1,100,10
2,124,10
3,48,10
4,87,10
5,64,10
6,88,10
7,56,10
8,64,10
9,84,10
0,77,1
1,67,1
2,116,1
3,62,1
4,92,1
5,89,1
6,70,1
7,81,1
8,75,1
9,68,1
0,101,19
1,98,19
2,98,19
3,44,19
4,67,19
5,64,19
6,56,19
7,87,19
8,64,19
9,118,19
0,64,13
1,79,13
2,98,13
3,82,13
4,57,13
5,77,13
6,64,13
7,94,13
8,79,13
9,103,13
0,57,8
1,100,8
2,72,8
3,122,8
4,105,8
5,56,8
6,76,8
7,63,8
8,61,8
9,84,8
0,60,14
1,92,14
2,76,14
3,68,14
4,48,14
5,72,14
6,114,14
7,80,14
8,121,14
9,65,14
0,109,11
1,108,11
2,88,11
3,29,11
4,88,11
5,67,11
6,116,11
7,53,11
8,64,11
9,75,11
0,71,18
1,80,18
2,92,18
3,40,18
4,122,18
5,112,18
6,52,18
7,66,18
8,63,18
9,99,18
0,77,15
1,104,15
2,77,15
3,40,15
4,53,15
5,88,15
6,110,15
7,65,15
8,118,15
9,64,15
0,67,18
1,104,18
2,84,18
3,63,18
4,84,18
5,85,18
6,100,18
7,59,18
8,44,18
9,108,18
0,59,4
1,67,4
2,52,4
3,88,4
4,85,4
5,127,4
6,74,4
7,72,4
8,113,4
9,60,4
0,63,0
1,60,0
2,89,0
3,95,0
4,67,0
5,82,0
6,84,0
7,108,0
8,106,0
9,43,0
0,109,15
1,69,15
2,98,15
3,52,15
4,93,15
5,72,15
6,70,15
7,88,15
8,55,15
9,90,15
0,89,13
1,94,13
2,94,13
3,85,13
4,111,13
5,64,13
6,94,13
7,31,13
8,76,13
9,57,13
0,38,1
1,63,1
2,85,1
3,103,1
4,82,1
5,64,1
6,62,1
7,155,1
8,92,1
9,53,1
0,107,12
1,114,12
2,54,12
3,71,12
4,80,12
5,87,12
6,89,12
7,72,12
8,47,12
9,76,12
0,65,7
1,82,7
2,77,7
3,92,7
4,56,7
5,67,7
6,108,7
7,47,7
8,74,7
9,128,7
0,111,16
1,64,16
2,96,16
3,72,16
4,93,16
5,38,16
6,59,16
7,71,16
8,58,16
9,133,16
0,72,10
1,91,10
2,69,10
3,70,10
4,47,10
5,139,10
6,104,10
7,84,10
8,55,10
9,65,10
0,85,6
1,168,6
2,85,6
3,43,6
4,36,6
5,117,6
6,73,6
7,45,6
8,53,6
9,90,6
0,88,3
1,67,3
2,53,3
3,76,3
4,80,3
5,112,3
6,100,3
7,62,3
8,90,3
9,68,3
0,129,5
1,80,5
2,96,5
3,76,5
4,109,5
5,56,5
6,95,5
7,61,5
8,39,5
9,55,5
0,81,2
1,63,2
2,70,2
3,60,2
4,155,2
5,72,2
6,100,2
7,78,2
8,64,2
9,52,2
0,60,11
1,61,11
2,80,11
3,124,11
4,52,11
5,99,11
6,85,11
7,104,11
8,53,11
9,77,11
0,56,8
1,84,8
2,52,8
3,54,8
4,97,8
5,68,8
6,84,8
7,111,8
8,100,8
9,90,8
0,115,9
1,48,9
2,70,9
3,41,9
4,72,9
5,73,9
6,128,9
7,66,9
8,134,9
9,48,9
0,52,17
1,136,17
2,56,17
3,92,17
4,92,17
5,77,17
6,62,17
7,73,17
8,64,17
9,90,17
0,56,19
1,62,19
2,79,19
3,66,19
4,29,19
5,36,19
6,140,19
7,60,19
8,108,19
9,160,19
0,84,14
1,93,14
2,67,14
3,122,14
4,120,14
5,51,14
6,73,14
7,57,14
8,74,14
9,55,14
0,116,4
1,59,4
2,65,4
3,112,4
4,72,4
5,126,4
6,78,4
7,51,4
8,52,4
9,64,4
0,51,14
1,62,14
2,88,14
3,120,14
4,85,14
5,66,14
6,108,14
7,102,14
8,34,14
9,80,14
0,49,16
1,84,16
2,108,16
3,133,16
4,48,16
5,68,16
6,71,16
7,93,16
8,66,16
9,76,16
0,126,11
1,104,11
2,66,11
3,104,11
4,60,11
5,41,11
6,86,11
7,50,11
8,100,11
9,59,11
0,68,13
1,56,13
2,87,13
3,76,13
4,131,13
5,88,13
6,59,13
7,77,13
8,96,13
9,56,13
0,72,18
1,84,18
2,110,18
3,84,18
4,62,18
5,68,18
6,116,18
7,60,18
8,63,18
9,76,18
0,71,2
1,44,2
2,94,2
3,97,2
4,80,2
5,108,2
6,110,2
7,72,2
8,99,2
9,20,2
0,62,1
1,60,1
2,138,1
3,56,1
4,92,1
5,112,1
6,92,1
7,60,1
8,85,1
9,38,1
0,56,0
1,94,0
2,52,0
3,87,0
4,85,0
5,76,0
6,57,0
7,88,0
8,93,0
9,108,0
0,72,6
1,87,6
2,78,6
3,133,6
4,36,6
5,75,6
6,36,6
7,130,6
8,79,6
9,72,6
0,112,12
1,79,12
2,64,12
3,61,12
4,76,12
5,62,12
6,89,12
7,60,12
8,104,12
9,90,12
0,128,5
1,60,5
2,86,5
3,81,5
4,50,5
5,135,5
6,69,5
7,50,5
8,28,5
9,108,5
0,100,19
1,80,19
2,73,19
3,79,19
4,52,19
5,78,19
6,53,19
7,71,19
8,92,19
9,119,19
0,55,15
1,47,15
2,60,15
3,40,15
4,56,15
5,105,15
6,91,15
7,140,15
8,116,15
9,87,15
0,52,17
1,113,17
2,122,17
3,59,17
4,30,17
5,108,17
6,135,17
7,78,17
8,32,17
9,67,17
0,99,3
1,53,3
2,75,3
3,48,3
4,69,3
5,91,3
6,111,3
7,81,3
8,87,3
9,82,3
0,80,8
1,112,8
2,89,8
3,54,8
4,60,8
5,86,8
6,81,8
7,93,8
8,59,8
9,81,8
0,76,10
1,64,10
2,86,10
3,56,10
4,43,10
5,116,10
6,67,10
7,80,10
8,82,10
9,125,10
0,91,7
1,36,7
2,125,7
3,76,7
4,43,7
5,74,7
6,127,7
7,82,7
8,85,7
9,57,7
0,64,9
1,95,9
2,115,9
3,88,9
4,72,9
5,76,9
6,40,9
7,72,9
8,136,9
9,37,9
0,66,19
1,128,19
2,49,19
3,96,19
4,83,19
5,96,19
6,59,19
7,93,19
8,85,19
9,40,19
0,54,17
1,85,17
2,179,17
3,56,17
4,104,17
5,42,17
6,76,17
7,52,17
8,72,17
9,76,17
0,42,16
1,109,16
2,92,16
3,78,16
4,46,16
5,77,16
6,94,16
7,85,16
8,54,16
9,118,16
0,92,2
1,64,2
2,76,2
3,48,2
4,100,2
5,56,2
6,69,2
7,84,2
8,99,2
9,110,2
0,70,4
1,100,4
2,100,4
3,84,4
4,64,4
5,101,4
6,59,4
7,56,4
8,79,4
9,85,4
0,64,15
1,52,15
2,62,15
3,73,15
4,109,15
5,54,15
6,108,15
7,77,15
8,110,15
9,86,15
0,52,7
1,85,7
2,88,7
3,58,7
4,72,7
5,112,7
6,62,7
7,64,7
8,83,7
9,121,7
0,124,8
1,54,8
2,57,8
3,35,8
4,61,8
5,127,8
6,85,8
7,85,8
8,72,8
9,96,8
0,74,13
1,79,13
2,28,13
3,126,13
4,95,13
5,116,13
6,85,13
7,72,13
8,53,13
9,68,13
0,60,10
1,56,10
2,83,10
3,153,10
4,84,10
5,72,10
6,103,10
7,76,10
8,51,10
9,58,10
0,73,3
1,100,3
2,84,3
3,40,3
4,95,3
5,52,3
6,68,3
7,76,3
8,88,3
9,118,3
0,52,5
1,44,5
2,66,5
3,88,5
4,69,5
5,72,5
6,116,5
7,135,5
8,96,5
9,57,5
0,152,0
1,36,0
2,75,0
3,56,0
4,52,0
5,88,0
6,92,0
7,80,0
8,78,0
9,89,0
0,60,14
1,70,14
2,98,14
3,111,14
4,134,14
5,58,14
6,43,14
7,31,14
8,97,14
9,95,14
0,104,1
1,83,1
2,116,1
3,54,1
4,88,1
5,70,1
6,76,1
7,75,1
8,88,1
9,42,1
0,24,11
1,85,11
2,54,11
3,98,11
4,116,11
5,107,11
6,100,11
7,63,11
8,36,11
9,113,11
0,86,12
1,57,12
2,115,12
3,75,12
4,69,12
5,122,12
6,59,12
7,50,12
8,87,12
9,76,12
0,93,18
1,48,18
2,84,18
3,116,18
4,83,18
5,69,18
6,66,18
7,49,18
8,85,18
9,101,18
0,91,9
1,76,9
2,74,9
3,91,9
4,91,9
5,105,9
6,80,9
7,72,9
8,68,9
9,49,9
0,150,6
1,63,6
2,112,6
3,69,6
4,73,6
5,73,6
6,41,6
7,48,6
8,113,6
9,53,6
0,57,4
1,92,4
2,72,4
3,83,4
4,97,4
5,56,4
6,71,4
7,73,4
8,92,4
9,102,4
0,88,14
1,100,14
2,96,14
3,73,14
4,75,14
5,84,14
6,114,14
7,49,14
8,56,14
9,60,14
0,78,8
1,86,8
2,127,8
3,58,8
4,85,8
5,77,8
6,78,8
7,89,8
8,39,8
9,79,8
0,118,9
1,90,9
2,72,9
3,80,9
4,61,9
5,45,9
6,83,9
7,48,9
8,98,9
9,101,9
0,72,7
1,104,7
2,44,7
3,40,7
4,76,7
5,62,7
6,69,7
7,85,7
8,168,7
9,74,7
0,76,11
1,88,11
2,66,11
3,106,11
4,87,11
5,76,11
6,66,11
7,88,11
8,48,11
9,94,11
0,68,18
1,64,18
2,114,18
3,56,18
4,110,18
5,61,18
6,64,18
7,83,18
8,101,18
9,75,18
0,65,15
1,104,15
2,32,15
3,57,15
4,93,15
5,58,15
6,92,15
7,60,15
8,142,15
9,92,15
0,62,1
1,57,1
2,91,1
3,89,1
4,108,1
5,45,1
6,66,1
7,64,1
8,114,1
9,99,1
0,76,13
1,95,13
2,76,13
3,77,13
4,122,13
5,55,13
6,106,13
7,57,13
8,48,13
9,85,13
0,72,12
1,52,12
2,112,12
3,109,12
4,59,12
5,80,12
6,80,12
7,80,12
8,61,12
9,91,12
0,52,6
1,96,6
2,86,6
3,78,6
4,68,6
5,56,6
6,75,6
7,96,6
8,73,6
9,117,6
0,71,5
1,92,5
2,107,5
3,72,5
4,70,5
5,85,5
6,62,5
7,99,5
8,62,5
9,76,5
0,80,10
1,80,10
2,92,10
3,54,10
4,103,10
5,91,10
6,40,10
7,116,10
8,72,10
9,68,10
0,25,0
1,52,0
2,89,0
3,85,0
4,90,0
5,79,0
6,180,0
7,64,0
8,68,0
9,64,0
0,73,19
1,64,19
2,87,19
3,97,19
4,81,19
5,75,19
6,56,19
7,82,19
8,76,19
9,105,19
0,64,3
1,125,3
2,36,3
3,93,3
4,80,3
5,99,3
6,65,3
7,69,3
8,92,3
9,71,3
0,139,16
1,104,16
2,59,16
3,57,16
4,68,16
5,104,16
6,56,16
7,80,16
8,79,16
9,51,16
0,37,2
1,55,2
2,120,2
3,78,2
4,63,2
5,100,2
6,58,2
7,143,2
8,57,2
9,85,2
0,60,17
1,104,17
2,64,17
3,107,17
4,80,17
5,92,17
6,82,17
7,48,17
8,60,17
9,100,17
0,75,17
1,145,17
2,78,17
3,87,17
4,73,17
5,73,17
6,85,17
7,60,17
8,40,17
9,80,17
0,76,5
1,73,5
2,80,5
3,80,5
4,72,5
5,76,5
6,64,5
7,77,5
8,83,5
9,116,5
0,63,10
1,104,10
2,51,10
3,100,10
4,55,10
5,68,10
6,72,10
7,85,10
8,122,10
9,76,10
0,76,9
1,121,9
2,76,9
3,123,9
4,73,9
5,68,9
6,41,9
7,42,9
8,84,9
9,92,9
0,114,0
1,60,0
2,41,0
3,58,0
4,77,0
5,99,0
6,124,0
7,88,0
8,73,0
9,62,0
0,92,16
1,81,16
2,83,16
3,60,16
4,112,16
5,122,16
6,76,16
7,52,16
8,72,16
9,46,16
0,83,1
1,67,1
2,86,1
3,72,1
4,99,1
5,74,1
6,78,1
7,93,1
8,37,1
9,107,1
0,122,8
1,98,8
2,91,8
3,59,8
4,71,8
5,55,8
6,64,8
7,43,8
8,110,8
9,84,8
0,41,12
1,84,12
2,88,12
3,85,12
4,83,12
5,46,12
6,104,12
7,92,12
8,87,12
9,86,12
0,105,4
1,59,4
2,43,4
3,80,4
4,75,4
5,140,4
6,72,4
7,33,4
8,102,4
9,87,4
0,68,2
1,64,2
2,72,2
3,88,2
4,48,2
5,75,2
6,126,2
7,93,2
8,101,2
9,60,2
0,120,15
1,110,15
2,48,15
3,74,15
4,71,15
5,42,15
6,57,15
7,108,15
8,56,15
9,111,15
0,55,11
1,51,11
2,91,11
3,64,11
4,88,11
5,106,11
6,74,11
7,76,11
8,96,11
9,96,11
0,97,6
1,62,6
2,63,6
3,93,6
4,83,6
5,61,6
6,101,6
7,82,6
8,44,6
9,110,6
0,85,3
1,92,3
2,96,3
3,95,3
4,92,3
5,72,3
6,65,3
7,72,3
8,62,3
9,65,3
0,43,14
1,120,14
2,103,14
3,66,14
4,75,14
5,57,14
6,89,14
7,85,14
8,92,14
9,66,14
0,70,18
1,61,18
2,78,18
3,69,18
4,110,18
5,77,18
6,77,18
7,68,18
8,56,18
9,130,18
0,62,19
1,97,19
2,62,19
3,92,19
4,91,19
5,88,19
6,72,19
7,68,19
8,89,19
9,74,19
0,81,7
1,117,7
2,53,7
3,108,7
4,64,7
5,60,7
6,65,7
7,101,7
8,75,7
9,71,7
0,49,13
1,94,13
2,78,13
3,42,13
4,45,13
5,106,13
6,60,13
7,107,13
8,85,13
9,129,13
0,69,1
1,134,1
2,76,1
3,102,1
4,61,1
5,77,1
6,68,1
7,97,1
8,53,1
9,58,1
0,72,8
1,98,8
2,49,8
3,109,8
4,79,8
5,77,8
6,67,8
7,77,8
8,60,8
9,108,8
0,80,16
1,84,16
2,120,16
3,44,16
4,69,16
5,73,16
6,140,16
7,91,16
8,52,16
9,43,16
0,76,19
1,110,19
2,52,19
3,55,19
4,133,19
5,44,19
6,77,19
7,111,19
8,60,19
9,77,19
0,53,2
1,37,2
2,68,2
3,122,2
4,87,2
5,73,2
6,109,2
7,85,2
8,67,2
9,94,2
0,79,11
1,164,11
2,89,11
3,100,11
4,48,11
5,52,11
6,88,11
7,60,11
8,51,11
9,67,11
0,99,17
1,56,17
2,112,17
3,63,17
4,51,17
5,97,17
6,81,17
7,74,17
8,69,17
9,94,17
0,98,12
1,82,12
2,133,12
3,49,12
4,46,12
5,48,12
6,88,12
7,76,12
8,70,12
9,106,12
0,68,7
1,108,7
2,78,7
3,120,7
4,49,7
5,82,7
6,97,7
7,64,7
8,52,7
9,78,7
0,53,9
1,68,9
2,75,9
3,56,9
4,89,9
5,61,9
6,48,9
7,90,9
8,144,9
9,111,9
0,63,0
1,41,0
2,136,0
3,67,0
4,100,0
5,49,0
6,71,0
7,72,0
8,70,0
9,128,0
0,34,15
1,152,15
2,60,15
3,141,15
4,83,15
5,58,15
6,68,15
7,61,15
8,84,15
9,56,15
0,39,3
1,49,3
2,60,3
3,154,3
4,93,3
5,57,3
6,81,3
7,76,3
8,119,3
9,68,3
0,99,14
1,90,14
2,76,14
3,50,14
4,91,14
5,77,14
6,56,14
7,124,14
8,64,14
9,68,14
0,71,5
1,77,5
2,76,5
3,100,5
4,68,5
5,57,5
6,45,5
7,127,5
8,72,5
9,102,5
0,45,4
1,95,4
2,82,4
3,76,4
4,111,4
5,114,4
6,42,4
7,79,4
8,58,4
9,95,4
0,57,18
1,87,18
2,100,18
3,101,18
4,55,18
5,34,18
6,65,18
7,107,18
8,80,18
9,110,18
0,98,10
1,65,10
2,56,10
3,94,10
4,90,10
5,96,10
6,73,10
7,63,10
8,88,10
9,72,10
0,64,6
1,91,6
2,149,6
3,81,6
4,103,6
5,59,6
6,76,6
7,79,6
8,31,6
9,64,6
0,97,13
1,100,13
2,89,13
3,84,13
4,72,13
5,94,13
6,75,13
7,77,13
8,49,13
9,58,13
0,102,7
1,48,7
2,77,7
3,69,7
4,110,7
5,85,7
6,61,7
7,60,7
8,100,7
9,84,7
0,90,9
1,56,9
2,60,9
3,70,9
4,74,9
5,77,9
6,99,9
7,80,9
8,119,9
9,72,9
0,84,8
1,94,8
2,29,8
3,56,8
4,84,8
5,114,8
6,84,8
7,88,8
8,92,8
9,69,8
0,76,18
1,44,18
2,67,18
3,57,18
4,62,18
5,139,18
6,127,18
7,40,18
8,72,18
9,112,18
0,56,12
1,108,12
2,56,12
3,55,12
4,90,12
5,113,12
6,82,12
7,86,12
8,40,12
9,110,12
0,101,17
1,72,17
2,123,17
3,97,17
4,81,17
5,43,17
6,59,17
7,76,17
8,55,17
9,88,17
0,86,0
1,112,0
2,80,0
3,98,0
4,32,0
5,104,0
6,88,0
7,88,0
8,67,0
9,40,0
0,64,1
1,108,1
2,59,1
3,102,1
4,103,1
5,64,1
6,74,1
7,58,1
8,54,1
9,110,1
0,68,15
1,76,15
2,41,15
3,52,15
4,117,15
5,80,15
6,64,15
7,91,15
8,76,15
9,132,15
0,86,4
1,41,4
2,105,4
3,87,4
4,118,4
5,47,4
6,116,4
7,72,4
8,64,4
9,60,4
0,71,10
1,86,10
2,46,10
3,60,10
4,115,10
5,91,10
6,56,10
7,112,10
8,98,10
9,63,10
0,102,3
1,60,3
2,60,3
3,60,3
4,54,3
5,66,3
6,155,3
7,91,3
8,92,3
9,56,3
0,58,11
1,85,11
2,60,11
3,84,11
4,90,11
5,80,11
6,114,11
7,72,11
8,101,11
9,52,11
0,67,19
1,96,19
2,63,19
3,108,19
4,112,19
5,61,19
6,52,19
7,60,19
8,55,19
9,124,19
0,54,13
1,88,13
2,84,13
3,86,13
4,40,13
5,76,13
6,75,13
7,120,13
8,91,13
9,83,13
0,108,2
1,64,2
2,58,2
3,74,2
4,33,2
5,116,2
6,48,2
7,102,2
8,62,2
9,130,2
0,117,14
1,42,14
2,72,14
3,84,14
4,114,14
5,68,14
6,64,14
7,76,14
8,69,14
9,88,14
0,79,16
1,76,16
2,53,16
3,80,16
4,64,16
5,79,16
6,156,16
7,70,16
8,55,16
9,85,16
0,77,6
1,84,6
2,80,6
3,100,6
4,97,6
5,67,6
6,60,6
7,68,6
8,77,6
9,87,6
0,95,5
1,82,5
2,68,5
3,53,5
4,122,5
5,95,5
6,80,5
7,67,5
8,84,5
9,51,5
0,118,15
1,94,15
2,52,15
3,45,15
4,106,15
5,70,15
6,79,15
7,89,15
8,48,15
9,95,15
0,64,0
1,81,0
2,94,0
3,74,0
4,82,0
5,99,0
6,53,0
7,88,0
8,69,0
9,92,0
0,123,12
1,50,12
2,90,12
3,68,12
4,64,12
5,84,12
6,81,12
7,96,12
8,92,12
9,47,12
0,64,6
1,91,6
2,56,6
3,69,6
4,85,6
5,95,6
6,80,6
7,49,6
8,113,6
9,93,6
0,96,5
1,73,5
2,48,5
3,80,5
4,142,5
5,60,5
6,100,5
7,53,5
8,54,5
9,89,5
0,91,16
1,70,16
2,66,16
3,81,16
4,53,16
5,138,16
6,55,16
7,97,16
8,84,16
9,61,16
0,75,19
1,75,19
2,78,19
3,112,19
4,31,19
5,61,19
6,58,19
7,107,19
8,126,19
9,74,19
0,39,11
1,55,11
2,96,11
3,48,11
4,144,11
5,32,11
6,116,11
7,124,11
8,58,11
9,84,11
0,98,2
1,80,2
2,68,2
3,81,2
4,72,2
5,96,2
6,87,2
7,74,2
8,74,2
9,66,2
0,95,17
1,69,17
2,29,17
3,142,17
4,83,17
5,49,17
6,106,17
7,38,17
8,100,17
9,84,17
0,78,9
1,56,9
2,110,9
3,135,9
4,66,9
5,37,9
6,106,9
7,99,9
8,52,9
9,56,9
0,125,13
1,150,13
2,64,13
3,56,13
4,38,13
5,42,13
6,55,13
7,97,13
8,83,13
9,86,13
0,104,18
1,68,18
2,64,18
3,96,18
4,74,18
5,37,18
6,129,18
7,87,18
8,73,18
9,64,18
0,64,14
1,122,14
2,76,14
3,67,14
4,91,14
5,67,14
6,73,14
7,121,14
8,37,14
9,79,14
0,52,1
1,122,1
2,75,1
3,72,1
4,109,1
5,37,1
6,75,1
7,73,1
8,104,1
9,78,1
0,77,3
1,59,3
2,67,3
3,53,3
4,120,3
5,118,3
6,86,3
7,98,3
8,60,3
9,58,3
0,92,10
1,107,10
2,77,10
3,92,10
4,64,10
5,45,10
6,101,10
7,72,10
8,55,10
9,92,10
0,33,4
1,62,4
2,80,4
3,101,4
4,96,4
5,120,4
6,91,4
7,40,4
8,103,4
9,71,4
0,75,8
1,93,8
2,41,8
3,98,8
4,84,8
5,89,8
6,126,8
7,88,8
8,47,8
9,55,8
0,73,7
1,69,7
2,63,7
3,135,7
4,115,7
5,48,7
6,92,7
7,66,7
8,35,7
9,100,7
0,72,18
1,64,18
2,117,18
3,67,18
4,93,18
5,85,18
6,95,18
7,55,18
8,75,18
9,73,18
0,53,3
1,91,3
2,95,3
3,84,3
4,75,3
5,90,3
6,99,3
7,96,3
8,63,3
9,50,3
0,82,8
1,66,8
2,57,8
3,107,8
4,94,8
5,45,8
6,109,8
7,93,8
8,40,8
9,102,8
0,113,0
1,54,0
2,71,0
3,56,0
4,86,0
5,72,0
6,88,0
7,128,0
8,61,0
9,68,0
0,61,15
1,128,15
2,73,15
3,56,15
4,108,15
5,44,15
6,115,15
7,96,15
8,76,15
9,39,15
0,44,5
1,64,5
2,136,5
3,64,5
4,68,5
5,67,5
6,55,5
7,55,5
8,146,5
9,99,5
0,111,10
1,48,10
2,71,10
3,84,10
4,105,10
5,63,10
6,79,10
7,132,10
8,51,10
9,53,10
0,80,7
1,48,7
2,59,7
3,64,7
4,105,7
5,72,7
6,98,7
7,107,7
8,74,7
9,88,7
0,69,16
1,120,16
2,118,16
3,66,16
4,76,16
5,72,16
6,58,16
7,80,16
8,81,16
9,56,16
0,68,12
1,81,12
2,39,12
3,64,12
4,104,12
5,55,12
6,95,12
7,68,12
8,124,12
9,100,12
0,109,19
1,108,19
2,62,19
3,65,19
4,78,19
5,67,19
6,67,19
7,76,19
8,100,19
9,64,19
0,77,11
1,99,11
2,67,11
3,106,11
4,82,11
5,52,11
6,98,11
7,64,11
8,82,11
9,70,11
0,56,1
1,80,1
2,74,1
3,104,1
4,72,1
5,40,1
6,89,1
7,98,1
8,112,1
9,72,1
0,60,9
1,79,9
2,99,9
3,84,9
4,81,9
5,87,9
6,84,9
7,57,9
8,80,9
9,87,9
0,34,14
1,86,14
2,49,14
3,51,14
4,108,14
5,100,14
6,69,14
7,112,14
8,112,14
9,73,14
0,59,2
1,81,2
2,53,2
3,102,2
4,42,2
5,108,2
6,88,2
7,58,2
8,131,2
9,74,2
0,96,13
1,74,13
2,54,13
3,92,13
4,66,13
5,104,13
6,64,13
7,74,13
8,60,13
9,113,13
0,68,4
1,106,4
2,132,4
3,37,4
4,77,4
5,64,4
6,81,4
7,86,4
8,52,4
9,92,4
0,89,6
1,65,6
2,144,6
3,39,6
4,91,6
5,57,6
6,92,6
7,98,6
8,52,6
9,69,6
0,21,17
1,63,17
2,67,17
3,96,17
4,68,17
5,112,17
6,83,17
7,107,17
8,103,17
9,77,17
0,50,12
1,85,12
2,88,12
3,72,12
4,52,12
5,101,12
6,77,12
7,143,12
8,48,12
9,80,12
0,50,15
1,103,15
2,95,15
3,77,15
4,76,15
5,75,15
6,44,15
7,89,15
8,134,15
9,53,15
0,86,13
1,64,13
2,81,13
3,108,13
4,61,13
5,92,13
6,76,13
7,96,13
8,76,13
9,56,13
0,140,18
1,83,18
2,60,18
3,56,18
4,84,18
5,52,18
6,95,18
7,53,18
8,63,18
9,111,18
0,80,9
1,86,9
2,99,9
3,86,9
4,87,9
5,49,9
6,80,9
7,83,9
8,80,9
9,68,9
0,99,19
1,97,19
2,86,19
3,82,19
4,77,19
5,100,19
6,87,19
7,43,19
8,60,19
9,65,19
0,68,1
1,79,1
2,56,1
3,64,1
4,56,1
5,132,1
6,62,1
7,115,1
8,82,1
9,82,1
0,57,16
1,69,16
2,64,16
3,58,16
4,96,16
5,100,16
6,58,16
7,86,16
8,80,16
9,127,16
0,104,3
1,50,3
2,110,3
3,48,3
4,86,3
5,72,3
6,90,3
7,88,3
8,80,3
9,69,3
0,54,6
1,127,6
2,80,6
3,60,6
4,73,6
5,71,6
6,92,6
7,71,6
8,48,6
9,120,6
0,61,4
1,81,4
2,117,4
3,95,4
4,80,4
5,82,4
6,71,4
7,73,4
8,44,4
9,92,4
0,56,7
1,70,7
2,58,7
3,76,7
4,65,7
5,114,7
6,88,7
7,99,7
8,51,7
9,119,7
0,71,11
1,74,11
2,117,11
3,64,11
4,64,11
5,78,11
6,60,11
7,70,11
8,68,11
9,131,11
0,89,17
1,68,17
2,65,17
3,75,17
4,95,17
5,92,17
6,81,17
7,59,17
8,61,17
9,112,17
0,93,2
1,47,2
2,149,2
3,69,2
4,98,2
5,67,2
6,61,2
7,61,2
8,91,2
9,60,2
0,46,14
1,79,14
2,85,14
3,60,14
4,156,14
5,64,14
6,75,14
7,76,14
8,60,14
9,96,14
0,56,8
1,78,8
2,152,8
3,63,8
4,104,8
5,45,8
6,75,8
7,48,8
8,107,8
9,69,8
0,66,10
1,119,10
2,36,10
3,56,10
4,100,10
5,92,10
6,85,10
7,72,10
8,54,10
9,116,10
0,140,5
1,130,5
2,68,5
3,80,5
4,58,5
5,58,5
6,59,5
7,49,5
8,66,5
9,88,5
0,67,0
1,96,0
2,102,0
3,95,0
4,77,0
5,82,0
6,34,0
7,81,0
8,95,0
9,68,0
0,80,7
1,101,7
2,52,7
3,87,7
4,67,7
5,65,7
6,70,7
7,106,7
8,76,7
9,92,7
0,100,17
1,133,17
2,84,17
3,63,17
4,48,17
5,59,17
6,100,17
7,38,17
8,64,17
9,106,17
0,48,13
1,84,13
2,61,13
3,107,13
4,95,13
5,52,13
6,144,13
7,40,13
8,85,13
9,79,13
0,48,14
1,118,14
2,73,14
3,67,14
4,77,14
5,74,14
6,97,14
7,62,14
8,76,14
9,104,14
0,104,15
1,88,15
2,104,15
3,114,15
4,65,15
5,62,15
6,76,15
7,49,15
8,37,15
9,96,15
0,64,4
1,97,4
2,62,4
3,88,4
4,81,4
5,42,4
6,52,4
7,67,4
8,125,4
9,117,4
0,132,12
1,43,12
2,48,12
3,84,12
4,76,12
5,52,12
6,79,12
7,60,12
8,104,12
9,117,12
0,93,9
1,84,9
2,115,9
3,78,9
4,76,9
5,50,9
6,77,9
7,47,9
8,96,9
9,81,9
0,86,11
1,95,11
2,135,11
3,56,11
4,56,11
5,80,11
6,63,11
7,30,11
8,132,11
9,63,11
0,99,8
1,64,8
2,70,8
3,60,8
4,68,8
5,39,8
6,56,8
7,111,8
8,95,8
9,135,8
0,83,3
1,99,3
2,82,3
3,35,3
4,119,3
5,56,3
6,51,3
7,84,3
8,94,3
9,94,3
0,64,10
1,67,10
2,84,10
3,48,10
4,142,10
5,112,10
6,39,10
7,84,10
8,38,10
9,120,10
0,104,5
1,50,5
2,57,5
3,62,5
4,42,5
5,67,5
6,134,5
7,71,5
8,47,5
9,162,5
0,52,6
1,86,6
2,93,6
3,73,6
4,74,6
5,44,6
6,140,6
7,97,6
8,67,6
9,69,6
0,94,0
1,49,0
2,102,0
3,38,0
4,15,0
5,80,0
6,111,0
7,74,0
8,113,0
9,120,0
0,117,2
1,88,2
2,80,2
3,100,2
4,111,2
5,72,2
6,71,2
7,42,2
8,61,2
9,54,2
0,77,16
1,80,16
2,116,16
3,68,16
4,83,16
5,30,16
6,126,16
7,52,16
8,94,16
9,70,16
0,145,1
1,56,1
2,112,1
3,80,1
4,87,1
5,49,1
6,58,1
7,60,1
8,91,1
9,57,1
0,83,19
1,71,19
2,68,19
3,60,19
4,106,19
5,74,19
6,86,19
7,67,19
8,103,19
9,78,19
0,81,18
1,41,18
2,87,18
3,81,18
4,76,18
5,65,18
6,115,18
7,56,18
8,123,18
9,71,18
0,121,3
1,54,3
2,92,3
3,97,3
4,127,3
5,72,3
6,74,3
7,55,3
8,72,3
9,32,3
0,100,2
1,56,2
2,90,2
3,87,2
4,136,2
5,56,2
6,64,2
7,72,2
8,72,2
9,64,2
0,59,19
1,64,19
2,42,19
3,116,19
4,82,19
5,61,19
6,158,19
7,122,19
8,52,19
9,40,19
0,55,10
1,105,10
2,56,10
3,73,10
4,86,10
5,73,10
6,100,10
7,92,10
8,79,10
9,76,10
0,111,1
1,116,1
2,51,1
3,38,1
4,61,1
5,40,1
6,108,1
7,72,1
8,48,1
9,152,1
0,68,0
1,76,0
2,91,0
3,91,0
4,60,0
5,53,0
6,82,0
7,77,0
8,84,0
9,114,0
0,76,16
1,72,16
2,60,16
3,110,16
4,86,16
5,55,16
6,103,16
7,103,16
8,77,16
9,54,16
0,97,17
1,57,17
2,44,17
3,79,17
4,104,17
5,52,17
6,116,17
7,80,17
8,78,17
9,88,17
0,59,8
1,53,8
2,51,8
3,89,8
4,100,8
5,139,8
6,88,8
7,97,8
8,47,8
9,74,8
0,64,12
1,103,12
2,59,12
3,68,12
4,68,12
5,56,12
6,96,12
7,94,12
8,101,12
9,87,12
0,71,18
1,92,18
2,69,18
3,76,18
4,75,18
5,127,18
6,105,18
7,56,18
8,41,18
9,84,18
0,56,9
1,63,9
2,80,9
3,116,9
4,43,9
5,48,9
6,98,9
7,84,9
8,155,9
9,55,9
0,72,6
1,91,6
2,92,6
3,69,6
4,40,6
5,39,6
6,94,6
7,112,6
8,89,6
9,98,6
0,81,14
1,84,14
2,77,14
3,117,14
4,61,14
5,81,14
6,57,14
7,76,14
8,115,14
9,46,14
0,101,5
1,72,5
2,82,5
3,57,5
4,100,5
5,49,5
6,109,5
7,93,5
8,84,5
9,48,5
0,42,4
1,55,4
2,55,4
3,92,4
4,90,4
5,91,4
6,96,4
7,91,4
8,81,4
9,104,4
0,72,13
1,121,13
2,56,13
3,58,13
4,104,13
5,51,13
6,71,13
7,116,13
8,87,13
9,61,13
0,112,11
1,96,11
2,64,11
3,126,11
4,74,11
5,71,11
6,72,11
7,55,11
8,42,11
9,84,11
0,72,7
1,101,7
2,86,7
3,61,7
4,38,7
5,89,7
6,88,7
7,132,7
8,66,7
9,63,7
0,115,15
1,53,15
2,68,15
3,106,15
4,100,15
5,94,15
6,83,15
7,49,15
8,96,15
9,32,15
0,64,1
1,65,1
2,64,1
3,39,1
4,69,1
5,110,1
6,92,1
7,84,1
8,119,1
9,91,1
0,95,2
1,69,2
2,45,2
3,103,2
4,91,2
5,68,2
6,162,2
7,76,2
8,52,2
9,36,2
0,128,8
1,26,8
2,72,8
3,64,8
4,80,8
5,108,8
6,84,8
7,58,8
8,73,8
9,102,8
0,68,12
1,128,12
2,69,12
3,66,12
4,72,12
5,49,12
6,88,12
7,68,12
8,76,12
9,111,12
0,85,7
1,98,7
2,45,7
3,74,7
4,134,7
5,119,7
6,105,7
7,42,7
8,56,7
9,37,7
0,51,0
1,76,0
2,104,0
3,47,0
4,76,0
5,92,0
6,121,0
7,72,0
8,88,0
9,70,0
0,61,15
1,120,15
2,92,15
3,76,15
4,79,15
5,65,15
6,84,15
7,60,15
8,75,15
9,85,15
0,65,4
1,111,4
2,93,4
3,69,4
4,76,4
5,79,4
6,44,4
7,107,4
8,98,4
9,55,4
0,48,5
1,115,5
2,76,5
3,148,5
4,37,5
5,33,5
6,35,5
7,111,5
8,49,5
9,144,5
0,134,16
1,81,16
2,37,16
3,101,16
4,78,16
5,79,16
6,113,16
7,121,16
8,33,16
9,18,16
0,52,10
1,93,10
2,109,10
3,86,10
4,97,10
5,69,10
6,77,10
7,77,10
8,45,10
9,89,10
0,52,11
1,108,11
2,95,11
3,92,11
4,84,11
5,72,11
6,67,11
7,76,11
8,96,11
9,55,11
0,117,17
1,66,17
2,34,17
3,40,17
4,143,17
5,125,17
6,56,17
7,48,17
8,73,17
9,93,17
0,59,18
1,86,18
2,84,18
3,111,18
4,65,18
5,102,18
6,64,18
7,96,18
8,60,18
9,69,18
0,124,9
1,49,9
2,62,9
3,76,9
4,94,9
5,74,9
6,83,9
7,82,9
8,122,9
9,30,9
0,94,13
1,83,13
2,100,13
3,120,13
4,47,13
5,84,13
6,62,13
7,33,13
8,44,13
9,129,13
0,64,6
1,73,6
2,117,6
3,60,6
4,94,6
5,133,6
6,51,6
7,73,6
8,64,6
9,67,6
0,103,3
1,85,3
2,71,3
3,140,3
4,56,3
5,90,3
6,42,3
7,73,3
8,59,3
9,77,3
0,67,19
1,63,19
2,72,19
3,76,19
4,79,19
5,96,19
6,79,19
7,94,19
8,95,19
9,76,19
0,100,14
1,62,14
2,76,14
3,52,14
4,98,14
5,83,14
6,80,14
7,48,14
8,118,14
9,80,14
0,65,4
1,76,4
2,102,4
3,70,4
4,90,4
5,101,4
6,72,4
7,69,4
8,72,4
9,79,4
0,118,7
1,72,7
2,93,7
3,91,7
4,81,7
5,28,7
6,63,7
7,93,7
8,69,7
9,88,7
0,88,2
1,90,2
2,66,2
3,69,2
4,52,2
5,57,2
6,70,2
7,117,2
8,39,2
9,147,2
0,118,3
1,95,3
2,55,3
3,84,3
4,88,3
5,50,3
6,71,3
7,64,3
8,92,3
9,80,3
0,124,11
1,77,11
2,113,11
3,43,11
4,52,11
5,50,11
6,49,11
7,137,11
8,104,11
9,46,11
0,36,6
1,85,6
2,62,6
3,81,6
4,108,6
5,93,6
6,91,6
7,100,6
8,91,6
9,48,6
0,98,18
1,78,18
2,72,18
3,73,18
4,70,18
5,61,18
6,88,18
7,79,18
8,106,18
9,72,18
0,72,9
1,52,9
2,64,9
3,64,9
4,62,9
5,88,9
6,107,9
7,100,9
8,105,9
9,83,9
0,52,1
1,63,1
2,123,1
3,81,1
4,77,1
5,59,1
6,59,1
7,133,1
8,54,1
9,95,1
0,93,15
1,73,15
2,54,15
3,80,15
4,124,15
5,59,15
6,79,15
7,114,15
8,51,15
9,68,15
0,84,19
1,59,19
2,72,19
3,81,19
4,72,19
5,76,19
6,71,19
7,118,19
8,100,19
9,62,19
0,50,8
1,109,8
2,75,8
3,75,8
4,76,8
5,68,8
6,81,8
7,110,8
8,52,8
9,100,8
0,49,0
1,48,0
2,162,0
3,51,0
4,55,0
5,68,0
6,86,0
7,88,0
8,90,0
9,100,0
0,67,13
1,58,13
2,88,13
3,84,13
4,141,13
5,82,13
6,68,13
7,51,13
8,100,13
9,58,13
0,104,17
1,97,17
2,77,17
3,36,17
4,61,17
5,43,17
6,94,17
7,91,17
8,112,17
9,80,17
0,80,16
1,72,16
2,76,16
3,103,16
4,109,16
5,96,16
6,78,16
7,61,16
8,59,16
9,63,16
0,68,5
1,106,5
2,39,5
3,107,5
4,26,5
5,85,5
6,72,5
7,136,5
8,142,5
9,15,5
0,71,12
1,84,12
2,67,12
3,46,12
4,127,12
5,68,12
6,67,12
7,96,12
8,124,12
9,48,12
0,74,14
1,44,14
2,80,14
3,65,14
4,81,14
5,118,14
6,44,14
7,94,14
8,132,14
9,64,14
0,62,10
1,90,10
2,80,10
3,76,10
4,108,10
5,92,10
6,50,10
7,124,10
8,72,10
9,41,10
0,62,14
1,112,14
2,141,14
3,49,14
4,55,14
5,96,14
6,110,14
7,40,14
8,40,14
9,90,14
0,55,10
1,75,10
2,126,10
3,80,10
4,106,10
5,62,10
6,64,10
7,64,10
8,108,10
9,56,10
0,63,11
1,71,11
2,63,11
3,64,11
4,84,11
5,93,11
6,120,11
7,74,11
8,55,11
9,110,11
0,80,19
1,86,19
2,86,19
3,74,19
4,72,19
5,60,19
6,112,19
7,57,19
8,80,19
9,88,19
0,71,1
1,132,1
2,36,1
3,82,1
4,67,1
5,103,1
6,132,1
7,75,1
8,48,1
9,52,1
0,68,2
1,82,2
2,89,2
3,105,2
4,118,2
5,52,2
6,44,2
7,64,2
8,82,2
9,92,2
0,88,16
1,68,16
2,103,16
3,110,16
4,64,16
5,92,16
6,62,16
7,81,16
8,34,16
9,94,16
0,55,17
1,93,17
2,79,17
3,104,17
4,99,17
5,101,17
6,80,17
7,55,17
8,92,17
9,39,17
0,76,15
1,73,15
2,64,15
3,79,15
4,81,15
5,92,15
6,78,15
7,151,15
8,45,15
9,57,15
0,65,7
1,90,7
2,83,7
3,62,7
4,81,7
5,67,7
6,118,7
7,113,7
8,36,7
9,81,7
0,77,8
1,84,8
2,100,8
3,69,8
4,99,8
5,47,8
6,136,8
7,60,8
8,70,8
9,53,8
0,58,18
1,62,18
2,129,18
3,64,18
4,67,18
5,75,18
6,60,18
7,74,18
8,127,18
9,80,18
0,116,12
1,70,12
2,64,12
3,144,12
4,79,12
5,59,12
6,25,12
7,76,12
8,69,12
9,94,12
0,81,4
1,68,4
2,69,4
3,138,4
4,87,4
5,59,4
6,90,4
7,123,4
8,55,4
9,26,4
0,118,9
1,132,9
2,28,9
3,46,9
4,120,9
5,92,9
6,67,9
7,79,9
8,78,9
9,36,9
0,60,0
1,90,0
2,60,0
3,65,0
4,135,0
5,94,0
6,36,0
7,80,0
8,91,0
9,87,0
0,60,3
1,108,3
2,137,3
3,90,3
4,71,3
5,96,3
6,39,3
7,52,3
8,85,3
9,58,3
0,74,5
1,83,5
2,98,5
3,115,5
4,120,5
5,25,5
6,64,5
7,76,5
8,96,5
9,46,5
0,84,13
1,83,13
2,66,13
3,59,13
4,67,13
5,49,13
6,117,13
7,95,13
8,91,13
9,86,13
0,72,6
1,73,6
2,39,6
3,79,6
4,107,6
5,79,6
6,67,6
7,86,6
8,127,6
9,68,6
0,85,15
1,104,15
2,71,15
3,112,15
4,76,15
5,74,15
6,70,15
7,84,15
8,73,15
9,46,15
0,30,2
1,88,2
2,98,2
3,99,2
4,54,2
5,59,2
6,75,2
7,130,2
8,73,2
9,91,2
0,99,10
1,81,10
2,50,10
3,80,10
4,27,10
5,104,10
6,82,10
7,136,10
8,64,10
9,74,10
0,65,7
1,36,7
2,75,7
3,121,7
4,76,7
5,110,7
6,67,7
7,29,7
8,79,7
9,139,7
0,77,17
1,78,17
2,55,17
3,58,17
4,104,17
5,83,17
6,52,17
7,121,17
8,122,17
9,45,17
0,73,12
1,76,12
2,55,12
3,51,12
4,50,12
5,77,12
6,180,12
7,66,12
8,96,12
9,71,12
0,122,13
1,56,13
2,103,13
3,61,13
4,104,13
5,54,13
6,41,13
7,123,13
8,57,13
9,75,13
0,104,9
1,67,9
2,92,9
3,68,9
4,79,9
5,80,9
6,72,9
7,62,9
8,93,9
9,79,9
0,50,8
1,30,8
2,148,8
3,80,8
4,45,8
5,112,8
6,84,8
7,72,8
8,118,8
9,58,8
0,118,16
1,104,16
2,51,16
3,68,16
4,56,16
5,119,16
6,81,16
7,57,16
8,74,16
9,68,16
0,73,4
1,71,4
2,53,4
3,73,4
4,106,4
5,70,4
6,72,4
7,74,4
8,104,4
9,99,4
0,60,18
1,77,18
2,63,18
3,100,18
4,72,18
5,58,18
6,118,18
7,80,18
8,62,18
9,106,18
0,69,0
1,69,0
2,60,0
3,85,0
4,64,0
5,71,0
6,74,0
7,60,0
8,112,0
9,132,0
0,64,6
1,117,6
2,40,6
3,68,6
4,88,6
5,91,6
6,60,6
7,116,6
8,110,6
9,41,6
0,44,1
1,132,1
2,65,1
3,112,1
4,44,1
5,44,1
6,71,1
7,60,1
8,153,1
9,70,1
0,69,19
1,107,19
2,113,19
3,96,19
4,72,19
5,105,19
6,27,19
7,71,19
8,59,19
9,78,19
0,83,11
1,67,11
2,104,11
3,59,11
4,41,11
5,83,11
6,100,11
7,76,11
8,90,11
9,92,11
0,66,14
1,79,14
2,68,14
3,72,14
4,64,14
5,48,14
6,128,14
7,72,14
8,136,14
9,64,14
0,64,5
1,94,5
2,88,5
3,41,5
4,104,5
5,69,5
6,88,5
7,57,5
8,104,5
9,86,5
0,69,3
1,114,3
2,50,3
3,53,3
4,96,3
5,98,3
6,95,3
7,60,3
8,104,3
9,56,3
0,56,0
1,72,0
2,140,0
3,76,0
4,56,0
5,86,0
6,80,0
7,100,0
8,67,0
9,64,0
0,100,6
1,72,6
2,49,6
3,67,6
4,100,6
5,87,6
6,104,6
7,70,6
8,76,6
9,71,6
0,88,15
1,103,15
2,72,15
3,54,15
4,99,15
5,100,15
6,78,15
7,72,15
8,30,15
9,100,15
0,80,3
1,80,3
2,35,3
3,95,3
4,87,3
5,120,3
6,94,3
7,49,3
8,57,3
9,99,3
0,28,12
1,83,12
2,71,12
3,80,12
4,63,12
5,90,12
6,90,12
7,87,12
8,109,12
9,95,12
0,92,10
1,35,10
2,116,10
3,68,10
4,116,10
5,103,10
6,91,10
7,79,10
8,45,10
9,51,10
0,106,8
1,88,8
2,116,8
3,32,8
4,52,8
5,64,8
6,65,8
7,51,8
8,137,8
9,84,8
0,43,17
1,76,17
2,97,17
3,79,17
4,66,17
5,129,17
6,80,17
7,58,17
8,97,17
9,72,17
0,69,4
1,34,4
2,80,4
3,130,4
4,70,4
5,112,4
6,60,4
7,83,4
8,78,4
9,80,4
0,102,19
1,82,19
2,37,19
3,99,19
4,39,19
5,106,19
6,77,19
7,61,19
8,115,19
9,78,19
0,71,13
1,74,13
2,111,13
3,64,13
4,76,13
5,81,13
6,84,13
7,84,13
8,67,13
9,86,13
0,44,2
1,97,2
2,72,2
3,81,2
4,87,2
5,68,2
6,119,2
7,63,2
8,68,2
9,98,2
0,139,7
1,84,7
2,53,7
3,108,7
4,84,7
5,33,7
6,118,7
7,56,7
8,60,7
9,60,7
0,56,14
1,113,14
2,113,14
3,98,14
4,96,14
5,51,14
6,72,14
7,71,14
8,48,14
9,77,14
0,111,5
1,61,5
2,64,5
3,124,5
4,83,5
5,76,5
6,66,5
7,53,5
8,66,5
9,91,5
0,77,16
1,63,16
2,68,16
3,93,16
4,84,16
5,112,16
6,52,16
7,108,16
8,85,16
9,52,16
0,66,1
1,90,1
2,119,1
3,49,1
4,53,1
5,84,1
6,96,1
7,66,1
8,100,1
9,72,1
0,96,18
1,68,18
2,83,18
3,101,18
4,75,18
5,92,18
6,44,18
7,102,18
8,60,18
9,75,18
0,119,11
1,107,11
2,49,11
3,88,11
4,42,11
5,65,11
6,95,11
7,123,11
8,60,11
9,48,11
0,133,9
1,92,9
2,38,9
3,57,9
4,83,9
5,89,9
6,51,9
7,68,9
8,110,9
9,75,9
0,75,11
1,64,11
2,58,11
3,148,11
4,60,11
5,85,11
6,77,11
7,49,11
8,48,11
9,133,11
0,66,0
1,122,0
2,91,0
3,84,0
4,114,0
5,71,0
6,51,0
7,55,0
8,74,0
9,69,0
0,85,2
1,85,2
2,80,2
3,65,2
4,96,2
5,100,2
6,87,2
7,89,2
8,53,2
9,56,2
0,69,19
1,70,19
2,108,19
3,44,19
4,90,19
5,55,19
6,42,19
7,100,19
8,152,19
9,68,19
0,70,3
1,77,3
2,80,3
3,92,3
4,97,3
5,87,3
6,76,3
7,64,3
8,104,3
9,48,3
0,90,8
1,42,8
2,43,8
3,106,8
4,82,8
5,66,8
6,83,8
7,48,8
8,112,8
9,124,8
0,84,13
1,56,13
2,74,13
3,100,13
4,84,13
5,64,13
6,84,13
7,78,13
8,82,13
9,91,13
0,73,14
1,31,14
2,73,14
3,151,14
4,39,14
5,48,14
6,96,14
7,116,14
8,86,14
9,84,14
0,70,7
1,95,7
2,71,7
3,72,7
4,96,7
5,84,7
6,67,7
7,31,7
8,119,7
9,93,7
0,79,9
1,69,9
2,70,9
3,42,9
4,107,9
5,69,9
6,65,9
7,53,9
8,124,9
9,118,9
0,94,16
1,72,16
2,67,16
3,58,16
4,82,16
5,76,16
6,96,16
7,65,16
8,104,16
9,83,16
0,94,4
1,111,4
2,100,4
3,59,4
4,45,4
5,68,4
6,62,4
7,84,4
8,65,4
9,108,4
0,71,5
1,83,5
2,94,5
3,91,5
4,80,5
5,84,5
6,41,5
7,67,5
8,76,5
9,109,5
0,56,12
1,67,12
2,96,12
3,80,12
4,100,12
5,84,12
6,64,12
7,69,12
8,89,12
9,92,12
0,98,18
1,97,18
2,78,18
3,103,18
4,64,18
5,64,18
6,84,18
7,48,18
8,53,18
9,107,18
0,143,6
1,40,6
2,64,6
3,65,6
4,70,6
5,134,6
6,74,6
7,44,6
8,57,6
9,104,6
0,144,15
1,46,15
2,63,15
3,100,15
4,61,15
5,101,15
6,79,15
7,38,15
8,53,15
9,110,15
0,106,1
1,114,1
2,57,1
3,59,1
4,90,1
5,65,1
6,80,1
7,58,1
8,89,1
9,77,1
0,48,10
1,98,10
2,106,10
3,55,10
4,89,10
5,87,10
6,44,10
7,88,10
8,98,10
9,84,10
0,64,17
1,78,17
2,100,17
3,67,17
4,56,17
5,76,17
6,90,17
7,86,17
8,59,17
9,120,17
0,64,16
1,56,16
2,84,16
3,100,16
4,65,16
5,86,16
6,64,16
7,85,16
8,89,16
9,101,16
0,66,14
1,43,14
2,84,14
3,60,14
4,88,14
5,104,14
6,67,14
7,62,14
8,90,14
9,133,14
0,100,17
1,93,17
2,83,17
3,72,17
4,85,17
5,74,17
6,46,17
7,59,17
8,44,17
9,141,17
0,90,1
1,30,1
2,59,1
3,82,1
4,98,1
5,72,1
6,100,1
7,93,1
8,99,1
9,73,1
0,53,5
1,101,5
2,83,5
3,55,5
4,72,5
5,79,5
6,40,5
7,91,5
8,126,5
9,96,5
0,63,6
1,77,6
2,73,6
3,95,6
4,75,6
5,86,6
6,71,6
7,92,6
8,59,6
9,105,6
0,27,10
1,64,10
2,104,10
3,64,10
4,63,10
5,201,10
6,85,10
7,95,10
8,63,10
9,31,10
0,68,11
1,53,11
2,80,11
3,36,11
4,41,11
5,77,11
6,76,11
7,96,11
8,160,11
9,108,11
0,47,2
1,93,2
2,108,2
3,76,2
4,90,2
5,52,2
6,115,2
7,68,2
8,85,2
9,62,2
0,82,13
1,68,13
2,86,13
3,61,13
4,64,13
5,56,13
6,109,13
7,65,13
8,105,13
9,98,13
0,51,4
1,67,4
2,97,4
3,96,4
4,109,4
5,79,4
6,56,4
7,83,4
8,84,4
9,76,4
0,79,18
1,64,18
2,100,18
3,80,18
4,102,18
5,106,18
6,46,18
7,82,18
8,60,18
9,78,18
0,96,7
1,56,7
2,79,7
3,84,7
4,44,7
5,87,7
6,79,7
7,75,7
8,49,7
9,148,7
0,83,8
1,89,8
2,50,8
3,106,8
4,104,8
5,48,8
6,103,8
7,41,8
8,56,8
9,116,8
0,85,15
1,93,15
2,32,15
3,60,15
4,109,15
5,75,15
6,142,15
7,69,15
8,52,15
9,78,15
0,61,0
1,62,0
2,60,0
3,112,0
4,129,0
5,63,0
6,62,0
7,54,0
8,128,0
9,64,0
0,91,9
1,56,9
2,50,9
3,99,9
4,92,9
5,37,9
6,83,9
7,138,9
8,60,9
9,89,9
0,46,12
1,40,12
2,67,12
3,64,12
4,54,12
5,96,12
6,87,12
7,78,12
8,87,12
9,178,12
0,123,19
1,44,19
2,60,19
3,77,19
4,92,19
5,87,19
6,64,19
7,77,19
8,127,19
9,44,19
0,65,3
1,130,3
2,30,3
3,111,3
4,124,3
5,83,3
6,68,3
7,56,3
8,42,3
9,87,3
0,70,4
1,148,4
2,84,4
3,67,4
4,38,4
5,85,4
6,77,4
7,40,4
8,66,4
9,121,4
0,63,5
1,76,5
2,32,5
3,104,5
4,152,5
5,56,5
6,96,5
7,61,5
8,96,5
9,58,5
0,72,19
1,94,19
2,43,19
3,81,19
4,75,19
5,94,19
6,80,19
7,135,19
8,62,19
9,60,19
0,95,8
1,71,8
2,56,8
3,48,8
4,140,8
5,77,8
6,61,8
7,94,8
8,79,8
9,75,8
0,127,9
1,96,9
2,67,9
3,76,9
4,91,9
5,84,9
6,50,9
7,60,9
8,88,9
9,59,9
0,54,16
1,96,16
2,74,16
3,46,16
4,112,16
5,120,16
6,94,16
7,42,16
8,72,16
9,87,16
0,120,1
1,80,1
2,96,1
3,67,1
4,68,1
5,76,1
6,70,1
7,59,1
8,105,1
9,56,1
0,48,11
1,82,11
2,96,11
3,72,11
4,72,11
5,50,11
6,92,11
7,91,11
8,77,11
9,116,11
0,86,17
1,75,17
2,68,17
3,94,17
4,79,17
5,81,17
6,126,17
7,53,17
8,65,17
9,68,17
0,71,0
1,126,0
2,63,0
3,108,0
4,64,0
5,83,0
6,53,0
7,67,0
8,102,0
9,59,0
0,100,2
1,85,2
2,103,2
3,56,2
4,51,2
5,91,2
6,92,2
7,75,2
8,76,2
9,68,2
0,57,13
1,85,13
2,110,13
3,135,13
4,72,13
5,60,13
6,77,13
7,72,13
8,59,13
9,70,13
0,84,12
1,82,12
2,107,12
3,90,12
4,88,12
5,57,12
6,60,12
7,94,12
8,50,12
9,84,12
0,70,6
1,64,6
2,63,6
3,109,6
4,74,6
5,41,6
6,104,6
7,89,6
8,115,6
9,67,6
0,56,14
1,75,14
2,65,14
3,32,14
4,106,14
5,140,14
6,74,14
7,49,14
8,128,14
9,71,14
0,65,18
1,96,18
2,61,18
3,76,18
4,158,18
5,68,18
6,122,18
7,59,18
8,53,18
9,37,18
0,51,10
1,117,10
2,80,10
3,62,10
4,77,10
5,85,10
6,75,10
7,100,10
8,92,10
9,56,10
0,82,7
1,79,7
2,92,7
3,98,7
4,101,7
5,33,7
6,43,7
7,92,7
8,87,7
9,88,7
0,124,15
1,86,15
2,53,15
3,72,15
4,128,15
5,65,15
6,87,15
7,59,15
8,52,15
9,71,15
0,84,3
1,94,3
2,92,3
3,78,3
4,50,3
5,92,3
6,97,3
7,109,3
8,35,3
9,66,3
0,85,13
1,95,13
2,117,13
3,100,13
4,83,13
5,74,13
6,60,13
7,58,13
8,73,13
9,51,13
0,55,11
1,40,11
2,99,11
3,92,11
4,120,11
5,95,11
6,69,11
7,41,11
8,53,11
9,132,11
0,53,5
1,65,5
2,55,5
3,92,5
4,112,5
5,78,5
6,88,5
7,71,5
8,93,5
9,89,5
0,67,16
1,41,16
2,158,16
3,75,16
4,85,16
5,96,16
6,85,16
7,44,16
8,36,16
9,108,16
0,92,14
1,127,14
2,116,14
3,64,14
4,49,14
5,84,14
6,110,14
7,56,14
8,39,14
9,60,14
0,84,4
1,40,4
2,113,4
3,33,4
4,73,4
5,91,4
6,95,4
7,70,4
8,96,4
9,101,4
0,52,3
1,95,3
2,23,3
3,136,3
4,71,3
5,92,3
6,99,3
7,70,3
8,52,3
9,107,3
0,60,12
1,71,12
2,81,12
3,86,12
4,110,12
5,61,12
6,57,12
7,40,12
8,124,12
9,105,12
0,74,17
1,91,17
2,71,17
3,60,17
4,96,17
5,101,17
6,104,17
7,53,17
8,73,17
9,73,17
0,69,15
1,47,15
2,112,15
3,99,15
4,69,15
5,136,15
6,50,15
7,48,15
8,60,15
9,106,15
0,86,19
1,71,19
2,120,19
3,138,19
4,41,19
5,91,19
6,57,19
7,67,19
8,64,19
9,61,19
0,112,2
1,90,2
2,71,2
3,155,2
4,23,2
5,101,2
6,60,2
7,71,2
8,62,2
9,51,2
0,106,10
1,67,10
2,83,10
3,52,10
4,90,10
5,100,10
6,79,10
7,95,10
8,57,10
9,67,10
0,111,6
1,57,6
2,112,6
3,65,6
4,56,6
5,57,6
6,142,6
7,68,6
8,50,6
9,76,6
0,92,7
1,82,7
2,64,7
3,128,7
4,46,7
5,64,7
6,57,7
7,94,7
8,74,7
9,96,7
0,86,18
1,54,18
2,91,18
3,87,18
4,45,18
5,54,18
6,76,18
7,126,18
8,99,18
9,79,18
0,104,1
1,134,1
2,51,1
3,72,1
4,97,1
5,45,1
6,37,1
7,104,1
8,51,1
9,101,1
0,54,8
1,89,8
2,118,8
3,87,8
4,71,8
5,65,8
6,68,8
7,76,8
8,81,8
9,87,8
0,84,0
1,114,0
2,40,0
3,65,0
4,58,0
5,59,0
6,105,0
7,73,0
8,101,0
9,97,0
0,141,9
1,65,9
2,36,9
3,97,9
4,58,9
5,63,9
6,111,9
7,108,9
8,54,9
9,63,9
0,116,9
1,72,9
2,136,9
3,24,9
4,92,9
5,39,9
6,88,9
7,69,9
8,42,9
9,117,9
0,66,5
1,88,5
2,60,5
3,80,5
4,111,5
5,95,5
6,73,5
7,84,5
8,68,5
9,70,5
0,64,18
1,68,18
2,104,18
3,54,18
4,62,18
5,92,18
6,96,18
7,94,18
8,69,18
9,93,18
0,80,6
1,72,6
2,90,6
3,60,6
4,53,6
5,53,6
6,83,6
7,110,6
8,130,6
9,66,6
0,104,11
1,99,11
2,100,11
3,81,11
4,55,11
5,54,11
6,92,11
7,66,11
8,69,11
9,76,11
0,92,4
1,50,4
2,75,4
3,70,4
4,82,4
5,51,4
6,117,4
7,117,4
8,86,4
9,56,4
0,64,10
1,48,10
2,86,10
3,68,10
4,63,10
5,100,10
6,111,10
7,86,10
8,100,10
9,70,10
0,36,14
1,92,14
2,42,14
3,91,14
4,90,14
5,111,14
6,112,14
7,62,14
8,81,14
9,80,14
0,95,0
1,80,0
2,52,0
3,73,0
4,134,0
5,36,0
6,102,0
7,86,0
8,72,0
9,64,0
0,68,19
1,82,19
2,75,19
3,88,19
4,30,19
5,56,19
6,107,19
7,40,19
8,77,19
9,173,19
0,41,12
1,75,12
2,42,12
3,39,12
4,99,12
5,57,12
6,146,12
7,172,12
8,69,12
9,56,12
0,104,15
1,69,15
2,96,15
3,77,15
4,65,15
5,67,15
6,62,15
7,66,15
8,90,15
9,100,15
0,96,8
1,114,8
2,83,8
3,128,8
4,70,8
5,109,8
6,77,8
7,20,8
8,58,8
9,40,8
0,120,2
1,71,2
2,95,2
3,59,2
4,104,2
5,68,2
6,64,2
7,93,2
8,24,2
9,100,2
0,59,3
1,82,3
2,97,3
3,83,3
4,81,3
5,73,3
6,60,3
7,115,3
8,64,3
9,82,3
0,132,13
1,62,13
2,68,13
3,88,13
4,69,13
5,108,13
6,91,13
7,45,13
8,30,13
9,104,13
0,49,16
1,83,16
2,69,16
3,142,16
4,68,16
5,74,16
6,68,16
7,75,16
8,88,16
9,80,16
0,114,7
1,44,7
2,96,7
3,46,7
4,71,7
5,90,7
6,84,7
7,80,7
8,104,7
9,68,7
0,52,1
1,36,1
2,47,1
3,90,1
4,121,1
5,116,1
6,76,1
7,76,1
8,115,1
9,68,1
0,84,17
1,55,17
2,120,17
3,74,17
4,139,17
5,55,17
6,42,17
7,98,17
8,65,17
9,64,17
0,63,10
1,66,10
2,132,10
3,78,10
4,89,10
5,56,10
6,91,10
7,78,10
8,61,10
9,81,10
0,53,9
1,99,9
2,68,9
3,73,9
4,68,9
5,108,9
6,105,9
7,93,9
8,60,9
9,68,9
0,36,2
1,64,2
2,96,2
3,83,2
4,54,2
5,63,2
6,104,2
7,115,2
8,72,2
9,108,2
0,44,6
1,83,6
2,117,6
3,102,6
4,84,6
5,54,6
6,89,6
7,73,6
8,96,6
9,53,6
0,55,13
1,69,13
2,96,13
3,52,13
4,112,13
5,65,13
6,89,13
7,65,13
8,110,13
9,81,13
0,134,8
1,83,8
2,48,8
3,76,8
4,104,8
5,32,8
6,48,8
7,72,8
8,132,8
9,68,8
0,86,16
1,75,16
2,60,16
3,36,16
4,72,16
5,82,16
6,110,16
7,89,16
8,87,16
9,98,16
0,56,1
1,57,1
2,97,1
3,123,1
4,111,1
5,52,1
6,60,1
7,51,1
8,139,1
9,50,1
0,104,3
1,102,3
2,99,3
3,40,3
4,134,3
5,53,3
6,79,3
7,77,3
8,58,3
9,50,3
0,84,12
1,56,12
2,67,12
3,58,12
4,104,12
5,123,12
6,51,12
7,71,12
8,63,12
9,120,12
0,70,19
1,62,19
2,85,19
3,59,19
4,77,19
5,94,19
6,97,19
7,64,19
8,136,19
9,52,19
0,73,0
1,73,0
2,92,0
3,100,0
4,55,0
5,118,0
6,89,0
7,64,0
8,60,0
9,72,0
0,87,7
1,88,7
2,72,7
3,96,7
4,68,7
5,58,7
6,69,7
7,71,7
8,100,7
9,87,7
0,88,4
1,51,4
2,79,4
3,34,4
4,71,4
5,136,4
6,83,4
7,60,4
8,120,4
9,76,4
0,25,18
1,73,18
2,105,18
3,90,18
4,68,18
5,50,18
6,86,18
7,56,18
8,127,18
9,116,18
0,58,11
1,116,11
2,56,11
3,75,11
4,61,11
5,79,11
6,56,11
7,136,11
8,69,11
9,91,11
0,92,15
1,77,15
2,45,15
3,63,15
4,92,15
5,76,15
6,95,15
7,114,15
8,80,15
9,63,15
0,68,5
1,76,5
2,92,5
3,82,5
4,80,5
5,141,5
6,80,5
7,55,5
8,76,5
9,46,5
0,118,14
1,64,14
2,64,14
3,80,14
4,40,14
5,64,14
6,94,14
7,93,14
8,77,14
9,100,14
0,61,17
1,80,17
2,84,17
3,104,17
4,64,17
5,52,17
6,111,17
7,86,17
8,69,17
9,85,17
0,63,15
1,81,15
2,69,15
3,94,15
4,74,15
5,108,15
6,84,15
7,78,15
8,53,15
9,91,15
0,92,9
1,56,9
2,132,9
3,55,9
4,71,9
5,78,9
6,89,9
7,60,9
8,58,9
9,106,9
0,83,18
1,54,18
2,72,18
3,76,18
4,99,18
5,77,18
6,60,18
7,88,18
8,94,18
9,95,18
0,122,8
1,86,8
2,83,8
3,65,8
4,97,8
5,33,8
6,98,8
7,36,8
8,101,8
9,74,8
0,59,12
1,112,12
2,65,12
3,86,12
4,80,12
5,59,12
6,84,12
7,107,12
8,60,12
9,86,12
0,74,14
1,42,14
2,66,14
3,68,14
4,118,14
5,124,14
6,49,14
7,99,14
8,98,14
9,59,14
0,44,19
1,125,19
2,67,19
3,66,19
4,64,19
5,46,19
6,72,19
7,103,19
8,109,19
9,100,19
0,81,17
1,67,17
2,88,17
3,109,17
4,102,17
5,78,17
6,66,17
7,36,17
8,92,17
9,77,17
0,69,10
1,36,10
2,122,10
3,128,10
4,43,10
5,86,10
6,116,10
7,73,10
8,51,10
9,72,10
0,46,6
1,102,6
2,103,6
3,60,6
4,66,6
5,88,6
6,70,6
7,100,6
8,82,6
9,79,6
0,50,0
1,63,0
2,72,0
3,113,0
4,115,0
5,85,0
6,47,0
7,59,0
8,79,0
9,113,0
0,72,16
1,55,16
2,72,16
3,75,16
4,66,16
5,119,16
6,70,16
7,111,16
8,56,16
9,101,16
0,61,4
1,54,4
2,61,4
3,52,4
4,77,4
5,64,4
6,83,4
7,215,4
8,103,4
9,26,4
0,62,7
1,45,7
2,78,7
3,111,7
4,80,7
5,79,7
6,67,7
7,98,7
8,96,7
9,80,7
0,81,13
1,75,13
2,103,13
3,58,13
4,40,13
5,54,13
6,69,13
7,125,13
8,92,13
9,100,13
0,77,2
1,90,2
2,69,2
3,101,2
4,69,2
5,47,2
6,124,2
7,60,2
8,79,2
9,80,2
0,94,3
1,83,3
2,80,3
3,138,3
4,64,3
5,106,3
6,58,3
7,64,3
8,61,3
9,47,3
0,39,5
1,84,5
2,108,5
3,103,5
4,78,5
5,76,5
6,71,5
7,80,5
8,69,5
9,88,5
0,60,11
1,141,11
2,72,11
3,53,11
4,96,11
5,55,11
6,65,11
7,88,11
8,84,11
9,80,11
0,79,1
1,169,1
2,56,1
3,58,1
4,80,1
5,60,1
6,74,1
7,108,1
8,63,1
9,51,1
0,63,1
1,80,1
2,74,1
3,56,1
4,80,1
5,53,1
6,118,1
7,124,1
8,54,1
9,93,1
0,69,7
1,64,7
2,56,7
3,88,7
4,90,7
5,60,7
6,64,7
7,106,7
8,93,7
9,106,7
0,56,4
1,84,4
2,61,4
3,90,4
4,84,4
5,116,4
6,48,4
7,88,4
8,66,4
9,100,4
0,92,11
1,172,11
2,66,11
3,64,11
4,76,11
5,76,11
6,38,11
7,66,11
8,71,11
9,76,11
0,115,15
1,63,15
2,86,15
3,66,15
4,46,15
5,83,15
6,92,15
7,120,15
8,76,15
9,50,15
0,78,2
1,68,2
2,68,2
3,70,2
4,69,2
5,88,2
6,126,2
7,86,2
8,64,2
9,79,2
0,62,6
1,58,6
2,97,6
3,75,6
4,73,6
5,99,6
6,88,6
7,76,6
8,76,6
9,92,6
0,43,5
1,78,5
2,58,5
3,103,5
4,65,5
5,100,5
6,103,5
7,61,5
8,96,5
9,90,5
0,88,18
1,61,18
2,65,18
3,83,18
4,91,18
5,108,18
6,44,18
7,112,18
8,78,18
9,68,18
0,62,0
1,75,0
2,95,0
3,98,0
4,48,0
5,72,0
6,77,0
7,75,0
8,120,0
9,74,0
0,134,8
1,57,8
2,100,8
3,39,8
4,78,8
5,42,8
6,51,8
7,149,8
8,43,8
9,104,8
0,103,9
1,95,9
2,98,9
3,67,9
4,72,9
5,63,9
6,84,9
7,50,9
8,63,9
9,102,9
0,145,17
1,56,17
2,76,17
3,72,17
4,56,17
5,75,17
6,56,17
7,74,17
8,80,17
9,105,17
0,51,10
1,37,10
2,64,10
3,88,10
4,80,10
5,112,10
6,92,10
7,88,10
8,112,10
9,70,10
0,84,12
1,94,12
2,61,12
3,69,12
4,73,12
5,137,12
6,47,12
7,66,12
8,104,12
9,60,12
0,140,13
1,103,13
2,69,13
3,67,13
4,58,13
5,70,13
6,37,13
7,108,13
8,83,13
9,61,13
0,72,3
1,41,3
2,89,3
3,104,3
4,64,3
5,87,3
6,107,3
7,82,3
8,57,3
9,92,3
0,89,19
1,60,19
2,59,19
3,72,19
4,94,19
5,87,19
6,84,19
7,120,19
8,70,19
9,62,19
0,100,14
1,100,14
2,43,14
3,75,14
4,86,14
5,88,14
6,85,14
7,67,14
8,84,14
9,69,14
0,30,16
1,102,16
2,77,16
3,104,16
4,77,16
5,76,16
6,102,16
7,89,16
8,43,16
9,95,16
0,95,12
1,92,12
2,93,12
3,59,12
4,104,12
5,90,12
6,87,12
7,64,12
8,52,12
9,60,12
0,85,3
1,84,3
2,125,3
3,56,3
4,60,3
5,70,3
6,94,3
7,72,3
8,98,3
9,52,3
0,98,15
1,68,15
2,66,15
3,110,15
4,43,15
5,110,15
6,72,15
7,97,15
8,39,15
9,92,15
0,54,2
1,78,2
2,92,2
3,84,2
4,67,2
5,140,2
6,95,2
7,68,2
8,59,2
9,60,2
0,78,6
1,64,6
2,40,6
3,111,6
4,60,6
5,115,6
6,99,6
7,62,6
8,113,6
9,55,6
0,67,0
1,100,0
2,60,0
3,68,0
4,131,0
5,75,0
6,57,0
7,72,0
8,75,0
9,91,0
0,66,17
1,108,17
2,84,17
3,35,17
4,104,17
5,114,17
6,103,17
7,56,17
8,74,17
9,53,17
0,48,19
1,69,19
2,79,19
3,62,19
4,132,19
5,73,19
6,72,19
7,84,19
8,80,19
9,97,19
0,101,18
1,59,18
2,82,18
3,90,18
4,43,18
5,122,18
6,123,18
7,69,18
8,46,18
9,61,18
0,71,4
1,90,4
2,90,4
3,46,4
4,76,4
5,100,4
6,118,4
7,58,4
8,102,4
9,45,4
0,125,16
1,72,16
2,86,16
3,72,16
4,95,16
5,59,16
6,84,16
7,104,16
8,40,16
9,59,16
0,82,10
1,99,10
2,79,10
3,82,10
4,118,10
5,78,10
6,47,10
7,88,10
8,58,10
9,65,10
0,93,8
1,87,8
2,48,8
3,111,8
4,55,8
5,114,8
6,68,8
7,115,8
8,61,8
9,45,8
0,83,14
1,47,14
2,97,14
3,65,14
4,153,14
5,70,14
6,80,14
7,47,14
8,91,14
9,64,14
0,73,11
1,92,11
2,86,11
3,100,11
4,54,11
5,65,11
6,100,11
7,70,11
8,59,11
9,97,11
0,60,13
1,40,13
2,86,13
3,74,13
4,120,13
5,97,13
6,59,13
7,73,13
8,59,13
9,127,13
0,66,1
1,43,1
2,91,1
3,85,1
4,92,1
5,68,1
6,38,1
7,65,1
8,116,1
9,132,1
0,67,9
1,46,9
2,95,9
3,114,9
4,56,9
5,48,9
6,84,9
7,79,9
8,80,9
9,128,9
0,133,5
1,42,5
2,93,5
3,81,5
4,61,5
5,96,5
6,59,5
7,48,5
8,115,5
9,68,5
0,95,7
1,64,7
2,76,7
3,28,7
4,136,7
5,102,7
6,85,7
7,70,7
8,91,7
9,48,7
0,99,10
1,74,10
2,65,10
3,56,10
4,95,10
5,98,10
6,83,10
7,87,10
8,69,10
9,71,10
0,51,3
1,83,3
2,75,3
3,52,3
4,72,3
5,104,3
6,100,3
7,95,3
8,119,3
9,48,3
0,52,6
1,44,6
2,88,6
3,95,6
4,96,6
5,81,6
6,87,6
7,85,6
8,120,6
9,48,6
0,121,1
1,82,1
2,59,1
3,69,1
4,73,1
5,66,1
6,112,1
7,56,1
8,96,1
9,61,1
0,76,17
1,66,17
2,96,17
3,88,17
4,112,17
5,114,17
6,55,17
7,52,17
8,89,17
9,49,17
0,69,11
1,85,11
2,83,11
3,48,11
4,79,11
5,92,11
6,119,11
7,77,11
8,49,11
9,95,11
0,112,5
1,67,5
2,87,5
3,50,5
4,111,5
5,78,5
6,106,5
7,62,5
8,60,5
9,64,5
0,71,4
1,97,4
2,72,4
3,76,4
4,68,4
5,84,4
6,80,4
7,64,4
8,85,4
9,100,4
0,57,7
1,68,7
2,52,7
3,122,7
4,53,7
5,64,7
6,112,7
7,77,7
8,77,7
9,114,7
0,98,0
1,103,0
2,44,0
3,113,0
4,74,0
5,66,0
6,57,0
7,83,0
8,53,0
9,105,0
0,51,8
1,84,8
2,81,8
3,100,8
4,69,8
5,72,8
6,96,8
7,104,8
8,73,8
9,68,8
0,88,12
1,117,12
2,32,12
3,76,12
4,53,12
5,84,12
6,124,12
7,83,12
8,90,12
9,48,12
0,31,15
1,93,15
2,94,15
3,72,15
4,68,15
5,90,15
6,131,15
7,106,15
8,73,15
9,37,15
0,100,13
1,60,13
2,50,13
3,51,13
4,88,13
5,74,13
6,112,13
7,67,13
8,72,13
9,124,13
0,88,18
1,100,18
2,92,18
3,109,18
4,137,18
5,70,18
6,32,18
7,70,18
8,44,18
9,53,18
0,53,16
1,82,16
2,72,16
3,61,16
4,56,16
5,128,16
6,100,16
7,105,16
8,54,16
9,84,16
0,63,19
1,86,19
2,124,19
3,80,19
4,80,19
5,67,19
6,52,19
7,107,19
8,51,19
9,87,19
0,62,9
1,92,9
2,78,9
3,58,9
4,110,9
5,56,9
6,53,9
7,129,9
8,75,9
9,82,9
0,82,2
1,104,2
2,75,2
3,60,2
4,80,2
5,84,2
6,105,2
7,38,2
8,77,2
9,91,2
0,86,14
1,47,14
2,109,14
3,112,14
4,58,14
5,84,14
6,96,14
7,92,14
8,59,14
9,53,14
0,87,2
1,50,2
2,79,2
3,70,2
4,69,2
5,96,2
6,118,2
7,128,2
8,53,2
9,47,2
0,64,11
1,127,11
2,63,11
3,66,11
4,94,11
5,42,11
6,78,11
7,67,11
8,133,11
9,62,11
0,73,14
1,74,14
2,54,14
3,85,14
4,93,14
5,90,14
6,40,14
7,84,14
8,142,14
9,60,14
0,96,8
1,74,8
2,79,8
3,55,8
4,80,8
5,49,8
6,80,8
7,124,8
8,79,8
9,80,8
0,60,0
1,124,0
2,112,0
3,32,0
4,77,0
5,75,0
6,76,0
7,95,0
8,79,0
9,66,0
0,89,9
1,98,9
2,88,9
3,88,9
4,75,9
5,48,9
6,88,9
7,80,9
8,69,9
9,73,9
0,60,12
1,88,12
2,64,12
3,67,12
4,101,12
5,98,12
6,64,12
7,61,12
8,64,12
9,127,12
0,86,19
1,48,19
2,60,19
3,76,19
4,69,19
5,90,19
6,141,19
7,82,19
8,24,19
9,119,19
0,106,3
1,127,3
2,76,3
3,76,3
4,64,3
5,57,3
6,69,3
7,98,3
8,52,3
9,72,3
0,92,10
1,72,10
2,52,10
3,82,10
4,49,10
5,79,10
6,96,10
7,103,10
8,98,10
9,73,10
0,100,5
1,48,5
2,104,5
3,76,5
4,65,5
5,83,5
6,91,5
7,102,5
8,67,5
9,60,5
0,104,6
1,60,6
2,74,6
3,100,6
4,72,6
5,60,6
6,73,6
7,70,6
8,86,6
9,97,6
0,72,17
1,61,17
2,80,17
3,57,17
4,48,17
5,76,17
6,120,17
7,81,17
8,104,17
9,98,17
0,88,4
1,35,4
2,60,4
3,67,4
4,89,4
5,90,4
6,79,4
7,113,4
8,60,4
9,115,4
0,108,7
1,53,7
2,72,7
3,41,7
4,101,7
5,81,7
6,84,7
7,41,7
8,60,7
9,154,7
0,68,13
1,68,13
2,135,13
3,90,13
4,52,13
5,122,13
6,80,13
7,72,13
8,49,13
9,60,13
0,66,1
1,114,1
2,52,1
3,100,1
4,47,1
5,91,1
6,48,1
7,63,1
8,137,1
9,80,1
0,109,16
1,64,16
2,64,16
3,41,16
4,93,16
5,100,16
6,60,16
7,65,16
8,104,16
9,95,16
0,114,18
1,36,18
2,84,18
3,49,18
4,60,18
5,91,18
6,105,18
7,107,18
8,108,18
9,43,18
0,85,15
1,44,15
2,80,15
3,111,15
4,95,15
5,85,15
6,90,15
7,80,15
8,71,15
9,55,15
0,116,3
1,80,3
2,74,3
3,100,3
4,92,3
5,68,3
6,73,3
7,83,3
8,52,3
9,56,3
0,110,13
1,60,13
2,74,13
3,87,13
4,66,13
5,48,13
6,92,13
7,96,13
8,83,13
9,81,13
0,64,8
1,148,8
2,88,8
3,79,8
4,66,8
5,44,8
6,64,8
7,87,8
8,56,8
9,101,8
0,80,18
1,72,18
2,65,18
3,125,18
4,79,18
5,80,18
6,104,18
7,59,18
8,76,18
9,56,18
0,84,19
1,65,19
2,87,19
3,91,19
4,84,19
5,129,19
6,49,19
7,45,19
8,90,19
9,72,19
0,67,2
1,56,2
2,59,2
3,68,2
4,143,2
5,138,2
6,78,2
7,53,2
8,104,2
9,31,2
0,69,1
1,77,1
2,116,1
3,80,1
4,77,1
5,39,1
6,84,1
7,111,1
8,63,1
9,80,1
0,105,12
1,76,12
2,62,12
3,53,12
4,104,12
5,75,12
6,78,12
7,107,12
8,65,12
9,71,12
0,83,16
1,65,16
2,101,16
3,114,16
4,93,16
5,32,16
6,93,16
7,73,16
8,92,16
9,48,16
0,75,7
1,60,7
2,50,7
3,139,7
4,74,7
5,95,7
6,89,7
7,102,7
8,74,7
9,38,7
0,76,9
1,33,9
2,96,9
3,96,9
4,108,9
5,146,9
6,52,9
7,56,9
8,48,9
9,85,9
0,54,10
1,92,10
2,116,10
3,18,10
4,76,10
5,57,10
6,100,10
7,62,10
8,58,10
9,163,10
0,72,5
1,96,5
2,66,5
3,40,5
4,112,5
5,76,5
6,56,5
7,113,5
8,80,5
9,83,5
0,86,6
1,56,6
2,89,6
3,90,6
4,75,6
5,104,6
6,63,6
7,82,6
8,56,6
9,94,6
0,132,4
1,82,4
2,124,4
3,77,4
4,52,4
5,82,4
6,69,4
7,80,4
8,20,4
9,77,4
0,76,0
1,131,0
2,84,0
3,59,0
4,55,0
5,65,0
6,72,0
7,64,0
8,68,0
9,121,0
0,40,15
1,56,15
2,70,15
3,61,15
4,84,15
5,92,15
6,92,15
7,102,15
8,140,15
9,60,15
0,88,17
1,81,17
2,45,17
3,94,17
4,68,17
5,98,17
6,84,17
7,94,17
8,76,17
9,66,17
0,46,14
1,95,14
2,80,14
3,90,14
4,52,14
5,92,14
6,90,14
7,60,14
8,106,14
9,84,14
0,76,11
1,81,11
2,66,11
3,107,11
4,100,11
5,51,11
6,55,11
7,109,11
8,108,11
9,43,11
0,52,2
1,32,2
2,41,2
3,132,2
4,113,2
5,73,2
6,100,2
7,64,2
8,98,2
9,92,2
0,105,12
1,94,12
2,75,12
3,78,12
4,108,12
5,68,12
6,44,12
7,76,12
8,72,12
9,77,12
0,115,13
1,64,13
2,75,13
3,68,13
4,69,13
5,121,13
6,25,13
7,108,13
8,51,13
9,100,13
0,58,5
1,66,5
2,72,5
3,84,5
4,87,5
5,152,5
6,62,5
7,59,5
8,61,5
9,95,5
0,77,15
1,60,15
2,120,15
3,51,15
4,64,15
5,116,15
6,97,15
7,51,15
8,70,15
9,90,15
0,71,7
1,145,7
2,64,7
3,96,7
4,68,7
5,84,7
6,97,7
7,52,7
8,80,7
9,39,7
0,86,4
1,71,4
2,91,4
3,76,4
4,62,4
5,112,4
6,51,4
7,56,4
8,62,4
9,129,4
0,68,16
1,76,16
2,88,16
3,92,16
4,75,16
5,80,16
6,60,16
7,140,16
8,54,16
9,63,16
0,43,19
1,104,19
2,61,19
3,77,19
4,106,19
5,104,19
6,107,19
7,52,19
8,62,19
9,79,19
0,32,9
1,70,9
2,76,9
3,79,9
4,122,9
5,105,9
6,101,9
7,93,9
8,56,9
9,61,9
0,57,1
1,108,1
2,59,1
3,74,1
4,64,1
5,84,1
6,91,1
7,71,1
8,71,1
9,117,1
0,37,18
1,89,18
2,103,18
3,106,18
4,115,18
5,76,18
6,63,18
7,85,18
8,65,18
9,56,18
0,74,11
1,60,11
2,126,11
3,104,11
4,76,11
5,86,11
6,111,11
7,60,11
8,64,11
9,37,11
0,51,17
1,65,17
2,67,17
3,64,17
4,99,17
5,60,17
6,116,17
7,131,17
8,84,17
9,59,17
0,82,6
1,70,6
2,64,6
3,94,6
4,40,6
5,83,6
6,79,6
7,85,6
8,105,6
9,94,6
0,131,3
1,75,3
2,57,3
3,75,3
4,64,3
5,67,3
6,90,3
7,75,3
8,98,3
9,64,3
0,82,8
1,85,8
2,65,8
3,113,8
4,75,8
5,102,8
6,109,8
7,28,8
8,68,8
9,68,8
0,100,0
1,56,0
2,70,0
3,66,0
4,93,0
5,109,0
6,93,0
7,83,0
8,51,0
9,75,0
0,140,10
1,61,10
2,23,10
3,77,10
4,36,10
5,80,10
6,108,10
7,68,10
8,118,10
9,85,10
0,72,14
1,68,14
2,72,14
3,80,14
4,113,14
5,74,14
6,88,14
7,96,14
8,80,14
9,52,14
0,136,0
1,110,0
2,42,0
3,79,0
4,111,0
5,100,0
6,52,0
7,60,0
8,68,0
9,40,0
0,81,13
1,85,13
2,72,13
3,116,13
4,85,13
5,50,13
6,77,13
7,74,13
8,106,13
9,48,13
0,36,16
1,92,16
2,72,16
3,144,16
4,96,16
5,64,16
6,101,16
7,64,16
8,50,16
9,79,16
0,103,19
1,82,19
2,48,19
3,87,19
4,95,19
5,53,19
6,100,19
7,71,19
8,58,19
9,99,19
0,46,1
1,123,1
2,104,1
3,55,1
4,68,1
5,84,1
6,75,1
7,65,1
8,73,1
9,103,1
0,68,12
1,111,12
2,107,12
3,28,12
4,76,12
5,73,12
6,73,12
7,128,12
8,52,12
9,79,12
0,78,6
1,45,6
2,80,6
3,104,6
4,72,6
5,47,6
6,98,6
7,82,6
8,100,6
9,90,6
0,59,5
1,37,5
2,77,5
3,58,5
4,89,5
5,69,5
6,113,5
7,83,5
8,108,5
9,103,5
0,96,4
1,92,4
2,108,4
3,79,4
4,28,4
5,80,4
6,89,4
7,60,4
8,66,4
9,100,4
0,58,7
1,127,7
2,66,7
3,67,7
4,72,7
5,84,7
6,67,7
7,123,7
8,85,7
9,48,7
0,93,10
1,68,10
2,50,10
3,109,10
4,87,10
5,95,10
6,76,10
7,69,10
8,56,10
9,92,10
0,123,17
1,53,17
2,37,17
3,94,17
4,95,17
5,48,17
6,64,17
7,88,17
8,122,17
9,72,17
0,71,3
1,110,3
2,71,3
3,88,3
4,59,3
5,85,3
6,80,3
7,76,3
8,54,3
9,104,3
0,46,2
1,56,2
2,59,2
3,112,2
4,93,2
5,112,2
6,71,2
7,86,2
8,101,2
9,60,2
0,60,14
1,60,14
2,80,14
3,92,14
4,161,14
5,52,14
6,27,14
7,69,14
8,113,14
9,81,14
0,107,15
1,79,15
2,102,15
3,45,15
4,96,15
5,67,15
6,52,15
7,117,15
8,63,15
9,68,15
0,33,18
1,70,18
2,70,18
3,74,18
4,95,18
5,101,18
6,51,18
7,120,18
8,96,18
9,87,18
0,49,8
1,84,8
2,72,8
3,91,8
4,63,8
5,59,8
6,98,8
7,50,8
8,78,8
9,152,8
0,104,11
1,75,11
2,101,11
3,50,11
4,65,11
5,41,11
6,56,11
7,104,11
8,109,11
9,90,11
0,114,9
1,62,9
2,50,9
3,148,9
4,74,9
5,88,9
6,45,9
7,86,9
8,80,9
9,48,9
0,65,8
1,36,8
2,91,8
3,46,8
4,94,8
5,101,8
6,85,8
7,101,8
8,106,8
9,71,8
0,102,5
1,34,5
2,72,5
3,69,5
4,85,5
5,110,5
6,92,5
7,60,5
8,95,5
9,76,5
0,64,2
1,98,2
2,80,2
3,96,2
4,42,2
5,84,2
6,79,2
7,72,2
8,90,2
9,92,2
0,106,17
1,48,17
2,92,17
3,87,17
4,51,17
5,92,17
6,83,17
7,71,17
8,105,17
9,61,17
0,71,9
1,100,9
2,67,9
3,60,9
4,48,9
5,62,9
6,83,9
7,100,9
8,76,9
9,129,9
0,89,6
1,68,6
2,60,6
3,65,6
4,56,6
5,90,6
6,96,6
7,74,6
8,45,6
9,152,6
0,92,19
1,52,19
2,75,19
3,60,19
4,55,19
5,110,19
6,81,19
7,98,19
8,60,19
9,113,19
0,137,14
1,58,14
2,101,14
3,44,14
4,84,14
5,70,14
6,52,14
7,109,14
8,47,14
9,94,14
0,88,10
1,64,10
2,72,10
3,105,10
4,92,10
5,76,10
6,56,10
7,81,10
8,96,10
9,67,10
0,84,18
1,70,18
2,56,18
3,88,18
4,50,18
5,108,18
6,63,18
7,61,18
8,94,18
9,121,18
0,98,7
1,58,7
2,97,7
3,34,7
4,108,7
5,55,7
6,72,7
7,113,7
8,102,7
9,60,7
0,84,11
1,100,11
2,111,11
3,113,11
4,41,11
5,67,11
6,94,11
7,76,11
8,32,11
9,79,11
0,70,0
1,52,0
2,48,0
3,124,0
4,90,0
5,70,0
6,116,0
7,103,0
8,68,0
9,55,0
0,49,3
1,92,3
2,92,3
3,46,3
4,43,3
5,72,3
6,178,3
7,104,3
8,70,3
9,51,3
0,37,16
1,98,16
2,109,16
3,61,16
4,67,16
5,76,16
6,105,16
7,57,16
8,116,16
9,68,16
0,99,1
1,41,1
2,68,1
3,78,1
4,113,1
5,97,1
6,57,1
7,124,1
8,51,1
9,68,1
0,61,15
1,44,15
2,83,15
3,76,15
4,65,15
5,88,15
6,96,15
7,72,15
8,107,15
9,103,15
0,84,12
1,85,12
2,60,12
3,59,12
4,96,12
5,96,12
6,59,12
7,79,12
8,117,12
9,61,12
0,64,13
1,116,13
2,73,13
3,56,13
4,108,13
5,40,13
6,48,13
7,64,13
8,121,13
9,106,13
0,104,4
1,61,4
2,45,4
3,85,4
4,62,4
5,83,4
6,117,4
7,91,4
8,71,4
9,76,4
