0,198,3
1,35,3
2,304,3
3,96,3
4,73,3
5,12,3
6,5,3
7,47,3
8,24,3
0,28,16
2,20,16
4,54,16
5,64,16
7,422,16
8,176,16
9,34,16
0,15,14
1,155,14
2,48,14
3,80,14
4,257,14
6,148,14
7,26,14
9,67,14
0,82,17
1,78,17
2,78,17
3,76,17
4,124,17
5,260,17
6,40,17
8,53,17
9,5,17
0,8,18
1,114,18
2,43,18
3,190,18
4,17,18
6,196,18
7,3,18
8,176,18
9,51,18
0,239,8
2,86,8
3,49,8
4,37,8
5,1,8
6,6,8
7,173,8
8,136,8
9,68,8
1,37,15
2,508,15
3,81,15
4,58,15
6,94,15
7,16,15
9,1,15
0,72,9
1,39,9
2,1,9
3,18,9
4,7,9
5,112,9
6,72,9
7,217,9
8,40,9
9,218,9
0,416,2
1,79,2
2,1,2
4,68,2
5,18,2
6,37,2
7,20,2
8,13,2
9,143,2
0,16,5
1,118,5
2,40,5
3,24,5
5,164,5
7,156,5
8,53,5
9,224,5
0,71,11
1,136,11
2,10,11
3,84,11
4,100,11
5,27,11
6,156,11
7,206,11
9,6,11
0,6,12
1,36,12
2,33,12
3,2,12
4,8,12
5,521,12
6,175,12
7,8,12
8,2,12
9,4,12
0,20,0
1,28,0
2,26,0
3,404,0
5,20,0
6,168,0
7,4,0
8,129,0
0,6,3
2,67,3
3,116,3
4,7,3
5,40,3
6,409,3
7,151,3
0,22,6
1,46,6
2,204,6
3,38,6
4,20,6
5,5,6
6,59,6
7,385,6
9,17,6
0,28,4
1,16,4
2,200,4
4,46,4
6,282,4
7,152,4
8,55,4
9,18,4
0,115,1
1,193,1
2,250,1
3,91,1
4,23,1
5,53,1
6,5,1
7,32,1
8,5,1
9,28,1
0,44,19
1,7,19
3,32,19
4,163,19
5,251,19
6,74,19
7,3,19
8,35,19
9,189,19
0,42,10
1,120,10
2,18,10
3,221,10
4,74,10
5,108,10
6,14,10
7,130,10
8,12,10
9,58,10
0,172,7
1,17,7
3,4,7
4,7,7
5,178,7
6,13,7
7,355,7
8,11,7
9,40,7
0,64,13
1,109,13
2,4,13
4,64,13
5,329,13
6,5,13
7,135,13
8,18,13
9,68,13
0,128,18
1,72,18
2,51,18
3,92,18
4,4,18
6,36,18
7,5,18
8,124,18
9,284,18
0,7,13
1,65,13
2,15,13
3,1,13
4,52,13
5,10,13
6,114,13
7,52,13
8,389,13
9,91,13
0,230,6
1,26,6
2,94,6
3,171,6
5,106,6
6,56,6
7,103,6
9,10,6
0,20,12
1,28,12
2,15,12
3,200,12
4,63,12
5,140,12
6,101,12
7,160,12
9,70,12
0,209,5
1,66,5
2,3,5
3,22,5
4,32,5
5,263,5
6,74,5
7,9,5
8,13,5
9,105,5
0,268,10
1,42,10
2,266,10
3,17,10
4,12,10
7,41,10
8,1,10
9,149,10
0,86,15
2,10,15
3,62,15
4,444,15
5,32,15
6,1,15
7,7,15
8,153,15
9,1,15
0,28,11
1,6,11
4,20,11
5,20,11
6,270,11
7,148,11
8,289,11
9,15,11
0,40,7
1,4,7
2,296,7
3,84,7
4,4,7
5,156,7
6,13,7
7,52,7
8,130,7
9,16,7
0,197,1
1,14,1
2,4,1
3,3,1
4,210,1
5,88,1
6,184,1
7,14,1
8,11,1
9,70,1
0,95,0
1,9,0
2,1,0
3,17,0
4,165,0
5,115,0
6,83,0
7,54,0
8,31,0
9,226,0
0,33,3
1,82,3
2,130,3
3,245,3
4,24,3
5,2,3
6,157,3
7,80,3
8,42,3
0,8,19
1,290,19
2,189,19
3,28,19
4,31,19
5,12,19
6,60,19
7,14,19
8,2,19
9,161,19
0,100,16
1,196,16
2,64,16
3,12,16
4,76,16
5,58,16
6,8,16
7,64,16
8,30,16
9,188,16
0,35,9
1,48,9
2,158,9
3,1,9
6,20,9
7,23,9
8,247,9
9,265,9
1,59,8
2,28,8
3,165,8
4,234,8
5,13,8
6,192,8
7,36,8
8,1,8
9,68,8
0,116,14
1,241,14
2,7,14
3,169,14
4,15,14
5,127,14
7,5,14
8,113,14
9,3,14
0,153,2
1,19,2
2,9,2
3,49,2
4,28,2
5,173,2
6,14,2
7,140,2
8,137,2
9,72,2
0,244,4
1,100,4
2,32,4
5,26,4
6,215,4
7,28,4
8,6,4
9,145,4
0,68,17
1,154,17
2,126,17
3,17,17
4,43,17
5,40,17
6,14,17
7,108,17
8,54,17
9,172,17
0,288,6
1,6,6
2,182,6
3,58,6
4,127,6
5,32,6
6,28,6
7,1,6
8,5,6
9,68,6
0,232,18
1,58,18
3,9,18
5,185,18
6,1,18
7,148,18
8,148,18
9,15,18
0,4,7
1,17,7
2,197,7
3,236,7
5,88,7
6,210,7
8,31,7
9,13,7
0,1,13
1,251,13
2,8,13
3,60,13
4,76,13
5,108,13
6,8,13
7,148,13
8,124,13
9,10,13
0,4,14
1,117,14
2,124,14
3,247,14
4,20,14
5,20,14
6,53,14
7,6,14
8,33,14
9,172,14
0,255,4
1,67,4
2,224,4
4,8,4
5,72,4
6,29,4
7,88,4
8,3,4
9,49,4
0,102,12
1,95,12
2,48,12
4,54,12
5,129,12
7,151,12
8,172,12
9,45,12
0,296,11
2,1,11
3,372,11
4,22,11
5,17,11
6,12,11
7,20,11
8,52,11
9,5,11
0,2,5
1,85,5
2,320,5
4,268,5
5,28,5
8,9,5
9,84,5
0,92,0
1,12,0
2,28,0
3,155,0
5,302,0
6,48,0
7,97,0
9,62,0
0,14,1
1,151,1
2,156,1
3,128,1
4,275,1
5,4,1
6,10,1
7,20,1
8,8,1
9,31,1
0,11,17
1,66,17
3,53,17
4,105,17
5,89,17
6,5,17
7,300,17
8,167,17
0,8,8
1,192,8
2,106,8
3,44,8
4,116,8
5,6,8
7,117,8
8,201,8
9,6,8
0,23,15
1,16,15
2,416,15
3,212,15
4,55,15
5,42,15
6,5,15
7,6,15
8,11,15
9,12,15
0,32,9
1,268,9
2,8,9
3,231,9
4,33,9
6,184,9
7,5,9
9,36,9
0,8,3
1,2,3
2,55,3
3,123,3
4,5,3
6,408,3
7,28,3
8,33,3
9,133,3
0,3,19
1,280,19
2,3,19
3,182,19
4,13,19
5,16,19
6,4,19
7,29,19
8,152,19
9,114,19
0,472,16
2,68,16
3,6,16
5,1,16
6,123,16
7,49,16
8,76,16
9,1,16
0,45,10
1,167,10
2,11,10
4,136,10
5,192,10
6,4,10
7,55,10
8,140,10
9,48,10
0,198,2
1,58,2
2,165,2
3,54,2
4,53,2
5,116,2
6,8,2
7,38,2
8,106,2
0,4,11
1,92,11
2,62,11
3,205,11
4,14,11
5,3,11
6,12,11
7,155,11
8,101,11
9,148,11
1,21,0
2,13,0
3,124,0
4,223,0
5,60,0
6,309,0
7,5,0
9,40,0
0,80,10
1,45,10
2,171,10
3,14,10
4,20,10
5,38,10
6,26,10
7,384,10
9,17,10
1,124,17
2,172,17
3,50,17
4,116,17
5,182,17
6,48,17
7,25,17
8,20,17
9,57,17
0,4,16
1,32,16
2,102,16
3,138,16
4,47,16
5,89,16
6,65,16
7,30,16
8,173,16
9,116,16
0,14,13
1,47,13
2,11,13
3,214,13
4,8,13
5,13,13
6,12,13
7,197,13
8,257,13
9,23,13
0,4,19
1,7,19
2,2,19
3,15,19
4,400,19
5,1,19
6,74,19
7,74,19
8,205,19
9,14,19
0,2,3
2,28,3
3,26,3
4,22,3
5,219,3
6,19,3
8,9,3
9,472,3
1,11,5
2,371,5
5,140,5
6,56,5
7,140,5
9,79,5
0,47,15
1,22,15
2,35,15
3,21,15
4,51,15
5,302,15
6,176,15
7,45,15
8,55,15
9,43,15
0,60,14
1,287,14
2,8,14
3,12,14
4,36,14
5,2,14
6,235,14
7,24,14
8,2,14
9,130,14
0,17,7
1,68,7
2,6,7
3,24,7
4,54,7
5,423,7
6,12,7
7,96,7
8,42,7
9,54,7
0,4,12
2,147,12
3,272,12
4,28,12
5,161,12
6,13,12
7,4,12
8,152,12
9,14,12
0,9,8
1,74,8
2,70,8
4,32,8
5,15,8
6,309,8
7,27,8
8,69,8
9,191,8
0,3,6
2,80,6
3,98,6
4,10,6
5,11,6
6,112,6
7,268,6
8,124,6
9,90,6
0,199,18
1,36,18
2,182,18
3,29,18
5,14,18
6,9,18
7,276,18
8,14,18
9,36,18
0,40,4
1,33,4
2,6,4
3,34,4
4,27,4
5,59,4
6,5,4
7,123,4
8,116,4
9,353,4
0,3,1
1,45,1
2,44,1
3,28,1
4,253,1
5,39,1
6,86,1
8,46,1
9,253,1
0,230,2
1,16,2
2,1,2
3,113,2
4,180,2
5,12,2
6,112,2
8,124,2
9,6,2
0,59,9
1,74,9
2,68,9
3,44,9
5,307,9
6,20,9
7,69,9
8,119,9
9,37,9
0,6,14
1,24,14
3,2,14
4,11,14
5,289,14
6,42,14
7,54,14
8,351,14
9,17,14
0,392,6
1,14,6
2,2,6
4,208,6
5,159,6
7,1,6
9,21,6
0,12,7
1,22,7
2,3,7
3,99,7
4,100,7
5,1,7
6,468,7
7,44,7
8,48,7
1,313,0
2,12,0
3,4,0
5,13,0
6,169,0
7,98,0
8,46,0
9,141,0
0,148,10
2,375,10
3,101,10
4,66,10
5,10,10
6,4,10
7,73,10
8,12,10
9,8,10
0,83,17
1,16,17
3,4,17
4,35,17
5,44,17
6,188,17
7,141,17
8,10,17
9,276,17
0,154,19
1,2,19
3,19,19
4,151,19
5,3,19
6,2,19
7,294,19
8,24,19
9,148,19
0,36,15
1,16,15
2,15,15
4,251,15
5,12,15
6,4,15
7,282,15
8,3,15
9,177,15
0,31,5
1,21,5
2,248,5
3,204,5
4,4,5
5,206,5
6,72,5
8,7,5
9,3,5
0,88,16
1,4,16
5,62,16
6,160,16
7,87,16
8,222,16
9,174,16
0,85,11
1,8,11
2,16,11
3,21,11
4,56,11
5,268,11
6,76,11
7,160,11
8,98,11
9,7,11
0,168,13
1,35,13
2,22,13
4,232,13
5,200,13
7,67,13
8,51,13
9,21,13
0,35,3
1,211,3
3,3,3
4,75,3
5,3,3
6,303,3
7,109,3
8,40,3
9,18,3
0,28,8
1,61,8
2,225,8
3,41,8
4,49,8
5,304,8
6,4,8
7,74,8
8,7,8
9,1,8
0,3,12
1,176,12
2,5,12
3,103,12
5,65,12
6,43,12
7,12,12
8,155,12
9,235,12
0,2,18
1,68,18
2,164,18
3,31,18
4,210,18
6,4,18
7,6,18
8,187,18
9,125,18
0,6,2
1,137,2
2,196,2
3,5,2
4,138,2
5,46,2
6,44,2
7,7,2
8,10,2
9,208,2
0,30,1
1,20,1
2,25,1
3,100,1
4,52,1
6,148,1
8,165,1
9,255,1
0,1,9
2,31,9
3,27,9
4,91,9
5,393,9
6,12,9
7,20,9
8,144,9
9,78,9
0,63,4
1,16,4
2,18,4
3,271,4
4,37,4
5,243,4
7,1,4
8,4,4
9,143,4
0,16,13
1,172,13
2,33,13
3,32,13
4,11,13
5,288,13
6,56,13
7,2,13
8,128,13
9,60,13
0,3,3
2,112,3
3,64,3
4,12,3
5,265,3
6,29,3
8,312,3
0,5,7
2,39,7
3,40,7
4,71,7
5,466,7
6,62,7
7,7,7
8,3,7
9,103,7
0,23,6
1,162,6
2,164,6
3,45,6
4,43,6
5,78,6
6,223,6
7,43,6
9,16,6
0,56,12
1,64,12
2,1,12
3,62,12
4,1,12
6,18,12
7,68,12
8,501,12
9,24,12
0,53,8
1,315,8
2,169,8
3,16,8
4,8,8
5,37,8
6,28,8
7,9,8
8,98,8
9,62,8
0,249,9
1,140,9
2,27,9
3,28,9
4,209,9
5,4,9
6,8,9
7,18,9
8,78,9
9,35,9
0,29,19
1,71,19
2,212,19
3,4,19
4,20,19
5,67,19
7,146,19
8,64,19
9,184,19
0,120,4
1,1,4
2,4,4
3,4,4
4,53,4
5,15,4
6,578,4
8,8,4
9,14,4
0,6,0
1,13,0
2,14,0
3,222,0
4,7,0
6,392,0
7,28,0
8,96,0
9,19,0
1,68,1
2,4,1
3,589,1
4,63,1
5,7,1
6,21,1
9,44,1
0,26,11
1,25,11
2,140,11
3,84,11
4,7,11
5,24,11
6,28,11
7,388,11
8,8,11
9,66,11
0,60,15
1,16,15
2,127,15
3,243,15
4,39,15
5,8,15
6,46,15
7,80,15
8,1,15
9,175,15
0,40,18
1,24,18
2,168,18
3,12,18
5,14,18
6,212,18
7,207,18
8,48,18
9,71,18
0,3,16
1,352,16
2,33,16
3,71,16
4,12,16
5,7,16
6,36,16
8,20,16
9,262,16
0,18,10
1,16,10
3,221,10
4,20,10
5,65,10
6,232,10
7,1,10
8,92,10
9,132,10
0,186,14
1,33,14
2,195,14
4,20,14
5,283,14
6,60,14
7,4,14
8,15,14
1,273,5
2,26,5
3,212,5
4,67,5
5,123,5
6,1,5
7,10,5
8,30,5
9,55,5
0,84,17
1,20,17
2,137,17
3,272,17
4,47,17
5,116,17
6,13,17
7,33,17
8,74,17
0,4,2
1,73,2
2,158,2
4,2,2
5,24,2
6,121,2
7,168,2
8,23,2
9,223,2
0,55,19
3,50,19
4,2,19
5,70,19
6,1,19
7,310,19
8,31,19
9,277,19
0,152,6
1,10,6
3,240,6
7,108,6
8,254,6
9,32,6
0,135,11
1,20,11
2,72,11
3,84,11
4,351,11
5,16,11
6,12,11
7,2,11
9,104,11
0,117,1
1,8,1
2,27,1
4,18,1
5,50,1
6,46,1
7,28,1
8,70,1
9,432,1
0,120,17
2,4,17
3,19,17
4,2,17
5,43,17
6,192,17
8,180,17
9,238,17
0,332,3
1,10,3
2,23,3
3,11,3
4,269,3
5,8,3
6,37,3
7,38,3
8,68,3
9,1,3
0,12,0
1,22,0
2,44,0
3,176,0
4,12,0
5,6,0
6,148,0
7,84,0
8,172,0
9,120,0
0,32,15
1,4,15
2,481,15
4,7,15
5,25,15
6,101,15
7,5,15
8,42,15
9,98,15
0,80,13
1,22,13
2,6,13
3,128,13
4,173,13
5,29,13
6,274,13
7,4,13
8,6,13
9,73,13
1,24,8
3,9,8
4,8,8
5,56,8
6,4,8
7,630,8
8,38,8
9,28,8
2,4,4
3,204,4
4,17,4
5,519,4
6,36,4
8,16,4
0,1,7
1,26,7
2,6,7
3,182,7
4,6,7
5,63,7
6,273,7
7,9,7
8,228,7
9,1,7
0,61,14
1,336,14
2,86,14
3,7,14
5,59,14
6,132,14
9,116,14
0,145,2
1,56,2
2,68,2
3,107,2
4,133,2
5,93,2
6,63,2
7,114,2
8,18,2
0,21,12
1,145,12
2,250,12
3,44,12
4,163,12
5,96,12
6,18,12
7,60,12
0,149,5
1,4,5
2,2,5
3,400,5
4,32,5
5,72,5
6,21,5
7,12,5
8,29,5
9,76,5
0,36,10
1,39,10
2,3,10
3,12,10
5,209,10
6,373,10
7,4,10
8,36,10
9,84,10
1,42,9
2,55,9
4,32,9
5,603,9
6,58,9
7,2,9
8,4,9
0,182,18
2,27,18
3,397,18
4,51,18
5,79,18
6,7,18
7,4,18
8,50,18
0,294,16
1,28,16
2,47,16
4,70,16
5,241,16
6,32,16
7,13,16
8,68,16
9,2,16
0,91,16
1,25,16
2,55,16
4,284,16
5,82,16
6,34,16
9,226,16
0,12,4
1,2,4
2,184,4
3,105,4
4,192,4
5,82,4
6,4,4
7,154,4
8,60,4
0,102,7
1,121,7
2,73,7
3,47,7
4,80,7
5,117,7
6,8,7
7,69,7
8,98,7
9,80,7
0,80,6
1,21,6
2,89,6
3,13,6
4,486,6
5,32,6
7,3,6
8,23,6
9,49,6
0,1,9
1,237,9
3,10,9
4,14,9
5,13,9
6,7,9
7,196,9
8,19,9
9,299,9
0,77,1
1,288,1
2,144,1
3,68,1
5,62,1
6,29,1
7,60,1
9,67,1
0,45,17
1,126,17
2,59,17
3,174,17
4,7,17
5,12,17
6,20,17
7,288,17
8,65,17
0,2,11
1,179,11
2,151,11
3,119,11
4,229,11
5,4,11
6,55,11
7,56,11
0,5,8
1,111,8
3,4,8
4,72,8
5,112,8
6,307,8
7,78,8
8,63,8
9,45,8
0,49,5
1,380,5
2,6,5
3,57,5
4,4,5
5,51,5
6,100,5
7,20,5
9,128,5
0,8,10
1,28,10
2,213,10
3,118,10
4,3,10
5,47,10
7,250,10
8,45,10
9,84,10
0,18,2
1,4,2
3,9,2
4,88,2
5,23,2
6,55,2
7,200,2
8,310,2
9,88,2
0,140,13
1,167,13
2,4,13
3,8,13
5,100,13
6,200,13
7,81,13
8,80,13
9,15,13
0,14,15
1,122,15
2,294,15
3,68,15
4,92,15
5,17,15
6,10,15
7,127,15
8,19,15
9,34,15
0,200,0
1,115,0
2,4,0
3,27,0
4,13,0
5,73,0
6,215,0
7,4,0
8,36,0
9,108,0
0,7,14
2,10,14
3,39,14
4,48,14
5,284,14
6,113,14
7,106,14
8,6,14
9,184,14
0,287,3
1,17,3
2,253,3
3,4,3
4,1,3
5,12,3
6,32,3
7,2,3
8,78,3
9,111,3
0,297,12
1,9,12
4,85,12
5,53,12
6,22,12
7,64,12
8,266,12
0,29,19
2,447,19
3,48,19
4,12,19
7,11,19
8,142,19
9,108,19
0,1,18
1,2,18
2,9,18
3,84,18
4,96,18
5,156,18
6,50,18
7,5,18
8,105,18
9,287,18
0,28,1
1,17,1
2,171,1
3,47,1
4,13,1
5,154,1
6,8,1
7,144,1
8,8,1
9,205,1
0,15,8
1,379,8
2,4,8
3,2,8
4,12,8
5,13,8
6,308,8
7,56,8
8,2,8
9,6,8
0,6,4
1,37,4
2,122,4
4,136,4
5,136,4
6,44,4
7,303,4
9,12,4
0,20,19
1,75,19
2,142,19
3,3,19
4,164,19
6,4,19
7,64,19
8,24,19
9,300,19
0,106,5
1,96,5
2,242,5
3,11,5
4,110,5
5,2,5
6,36,5
7,37,5
8,153,5
9,2,5
0,4,7
1,90,7
2,12,7
3,81,7
4,143,7
5,20,7
6,166,7
8,173,7
9,106,7
0,2,14
1,413,14
2,202,14
3,13,14
4,54,14
5,65,14
6,32,14
8,5,14
9,9,14
0,2,6
1,208,6
2,100,6
3,6,6
4,181,6
5,117,6
6,104,6
7,50,6
8,13,6
9,15,6
1,72,0
2,16,0
3,17,0
4,388,0
5,104,0
6,164,0
7,18,0
8,1,0
9,16,0
0,36,13
1,83,13
2,20,13
3,324,13
4,36,13
5,4,13
6,20,13
7,71,13
8,202,13
0,4,2
1,189,2
2,59,2
3,3,2
4,103,2
5,10,2
6,65,2
7,200,2
8,164,2
0,8,9
1,59,9
2,116,9
3,290,9
4,13,9
5,22,9
6,59,9
7,140,9
8,76,9
9,14,9
0,59,17
1,174,17
2,85,17
3,140,17
5,99,17
6,152,17
7,62,17
8,17,17
9,8,17
0,107,3
1,17,3
2,9,3
3,27,3
4,54,3
5,27,3
6,402,3
7,50,3
9,104,3
1,32,15
2,32,15
3,12,15
4,19,15
5,131,15
6,13,15
7,451,15
8,104,15
9,2,15
0,19,18
1,277,18
2,104,18
3,4,18
4,28,18
5,188,18
6,43,18
7,95,18
8,5,18
9,32,18
0,192,12
1,104,12
2,198,12
3,16,12
4,22,12
5,216,12
7,4,12
8,43,12
0,229,16
1,21,16
2,216,16
3,117,16
4,4,16
5,1,16
6,53,16
7,32,16
8,121,16
0,164,10
1,11,10
2,7,10
3,5,10
4,105,10
5,8,10
6,51,10
7,106,10
8,295,10
9,45,10
0,20,11
1,16,11
2,28,11
3,140,11
4,16,11
5,145,11
6,62,11
7,3,11
8,61,11
9,306,11
0,14,10
1,99,10
2,324,10
3,5,10
4,54,10
5,87,10
6,76,10
7,63,10
8,43,10
9,32,10
0,66,11
1,52,11
2,48,11
3,12,11
4,1,11
5,56,11
6,118,11
7,98,11
8,141,11
9,205,11
0,268,6
1,241,6
2,24,6
3,12,6
4,47,6
5,9,6
7,15,6
8,115,6
9,66,6
0,380,14
1,81,14
2,19,14
3,4,14
4,131,14
5,7,14
6,12,14
7,158,14
9,5,14
0,4,2
2,10,2
3,53,2
4,156,2
5,358,2
6,67,2
7,9,2
8,136,2
9,3,2
0,36,3
1,20,3
2,99,3
3,47,3
4,8,3
5,118,3
6,340,3
7,103,3
8,7,3
9,18,3
0,50,7
2,32,7
3,84,7
5,334,7
6,96,7
7,45,7
8,20,7
9,136,7
0,34,17
1,36,17
3,40,17
4,22,17
5,14,17
6,216,17
7,46,17
8,265,17
9,123,17
0,87,16
1,96,16
2,479,16
3,2,16
4,20,16
5,16,16
6,34,16
8,8,16
9,54,16
0,10,8
1,177,8
2,58,8
3,64,8
4,12,8
5,256,8
6,97,8
7,10,8
8,113,8
1,46,19
2,86,19
3,122,19
4,84,19
5,286,19
6,5,19
7,8,19
8,158,19
9,1,19
0,61,0
1,62,0
3,91,0
4,52,0
5,184,0
6,31,0
7,33,0
8,32,0
9,250,0
0,126,4
1,43,4
2,84,4
3,148,4
5,11,4
6,377,4
7,2,4
9,6,4
0,83,12
1,292,12
2,17,12
3,151,12
4,8,12
5,4,12
6,107,12
7,16,12
8,116,12
9,4,12
0,18,9
1,6,9
2,21,9
3,4,9
4,268,9
5,10,9
6,16,9
7,18,9
8,152,9
9,282,9
0,9,5
1,94,5
3,72,5
4,40,5
5,69,5
6,143,5
7,92,5
8,244,5
9,34,5
0,6,1
1,1,1
2,12,1
3,480,1
4,93,1
5,24,1
6,7,1
7,87,1
8,71,1
9,15,1
0,22,13
1,82,13
2,44,13
3,80,13
4,59,13
5,169,13
6,160,13
7,100,13
8,53,13
9,28,13
0,15,18
1,168,18
2,134,18
3,69,18
4,172,18
5,71,18
6,24,18
7,20,18
8,8,18
9,116,18
1,23,15
2,52,15
3,162,15
4,28,15
5,18,15
6,196,15
7,4,15
8,44,15
9,269,15
0,160,2
2,57,2
4,295,2
5,4,2
6,148,2
7,38,2
8,56,2
9,38,2
0,4,6
1,128,6
2,56,6
3,478,6
4,9,6
5,12,6
6,14,6
7,36,6
8,21,6
9,37,6
0,80,5
1,7,5
2,92,5
5,128,5
6,152,5
7,58,5
8,101,5
9,178,5
0,152,17
1,34,17
2,15,17
3,36,17
5,32,17
6,113,17
7,144,17
9,272,17
0,92,14
1,4,14
2,340,14
3,24,14
4,108,14
5,3,14
6,2,14
7,145,14
8,11,14
9,68,14
0,4,10
1,58,10
2,11,10
3,2,10
4,115,10
6,308,10
8,12,10
9,286,10
0,51,8
1,48,8
2,476,8
3,21,8
4,2,8
5,85,8
6,1,8
7,28,8
8,44,8
9,40,8
0,23,0
2,4,0
3,7,0
4,82,0
5,44,0
6,4,0
7,52,0
8,185,0
9,396,0
0,197,4
1,106,4
2,20,4
3,12,4
4,91,4
5,22,4
6,60,4
7,140,4
8,1,4
9,148,4
0,51,18
1,128,18
2,134,18
3,36,18
4,19,18
5,96,18
6,115,18
7,174,18
9,44,18
0,78,19
1,1,19
2,68,19
3,152,19
4,2,19
5,171,19
6,79,19
7,67,19
8,120,19
9,59,19
0,16,9
1,264,9
2,11,9
3,125,9
4,17,9
5,8,9
6,140,9
8,20,9
9,195,9
0,7,3
1,63,3
2,20,3
3,15,3
4,121,3
5,155,3
6,205,3
7,184,3
8,14,3
9,12,3
0,45,13
1,28,13
2,140,13
3,11,13
4,19,13
5,140,13
6,223,13
8,185,13
9,4,13
0,59,7
1,60,7
2,145,7
3,18,7
4,292,7
5,65,7
7,29,7
9,128,7
0,120,11
1,137,11
2,111,11
3,81,11
4,12,11
5,20,11
6,28,11
7,162,11
8,13,11
9,112,11
0,80,12
1,36,12
2,8,12
3,264,12
4,12,12
5,1,12
6,32,12
7,30,12
8,277,12
9,56,12
0,6,1
1,282,1
2,34,1
4,14,1
5,79,1
6,318,1
7,1,1
8,60,1
9,2,1
0,3,16
2,128,16
3,46,16
4,176,16
6,356,16
7,34,16
9,53,16
0,66,15
1,209,15
2,28,15
3,3,15
4,14,15
5,16,15
6,18,15
7,21,15
8,421,15
1,184,16
2,131,16
3,20,16
4,398,16
5,10,16
7,3,16
8,1,16
9,50,16
0,292,15
1,10,15
2,80,15
3,148,15
4,29,15
5,32,15
6,22,15
7,4,15
8,3,15
9,177,15
0,44,19
1,3,19
2,268,19
3,80,19
4,45,19
5,106,19
6,1,19
7,142,19
8,8,19
9,100,19
1,2,0
2,28,0
3,10,0
4,42,0
5,201,0
6,280,0
7,156,0
9,76,0
0,156,9
1,9,9
2,139,9
3,218,9
4,119,9
5,29,9
6,65,9
7,32,9
8,27,9
9,3,9
0,13,17
1,7,17
2,94,17
3,295,17
4,171,17
5,76,17
6,42,17
7,20,17
9,78,17
0,187,8
1,5,8
2,88,8
3,33,8
4,9,8
5,41,8
6,59,8
7,300,8
8,64,8
9,10,8
0,13,11
1,19,11
2,75,11
3,171,11
4,34,11
5,161,11
6,236,11
9,87,11
0,202,14
1,33,14
2,111,14
3,51,14
4,56,14
5,72,14
6,121,14
7,55,14
8,42,14
9,54,14
1,197,10
3,2,10
4,91,10
5,256,10
6,50,10
7,104,10
9,97,10
0,40,5
1,18,5
2,142,5
3,16,5
4,22,5
5,8,5
6,27,5
7,446,5
8,67,5
9,10,5
1,92,1
2,3,1
3,346,1
4,38,1
5,116,1
6,39,1
7,4,1
9,160,1
0,56,6
1,5,6
2,68,6
3,20,6
4,124,6
5,196,6
6,107,6
7,80,6
8,25,6
9,116,6
0,2,2
1,246,2
2,34,2
4,312,2
5,169,2
6,4,2
7,7,2
8,22,2
9,1,2
0,31,18
2,229,18
3,13,18
4,100,18
5,383,18
7,9,18
8,19,18
9,12,18
0,4,7
1,4,7
2,16,7
3,406,7
4,63,7
5,2,7
6,4,7
7,72,7
8,17,7
9,208,7
1,202,13
2,6,13
3,2,13
4,322,13
6,1,13
7,188,13
8,64,13
9,12,13
0,291,4
1,32,4
2,8,4
3,128,4
4,51,4
5,6,4
6,136,4
7,37,4
8,23,4
9,84,4
0,19,12
1,160,12
2,82,12
4,7,12
5,92,12
6,94,12
7,84,12
8,11,12
9,248,12
0,51,3
1,30,3
2,38,3
3,27,3
4,36,3
5,117,3
6,70,3
7,202,3
8,17,3
9,208,3
0,12,12
1,41,12
2,130,12
3,164,12
4,1,12
5,56,12
6,27,12
7,12,12
8,352,12
0,106,6
1,206,6
2,30,6
3,199,6
4,2,6
5,45,6
7,103,6
8,103,6
9,2,6
0,9,0
1,308,0
2,6,0
3,69,0
4,66,0
5,30,0
6,4,0
7,115,0
8,101,0
9,88,0
0,72,9
2,22,9
3,42,9
4,548,9
5,4,9
6,1,9
7,20,9
8,8,9
9,80,9
0,70,4
1,100,4
2,318,4
3,75,4
5,56,4
6,11,4
8,45,4
9,123,4
0,89,8
1,171,8
2,1,8
3,24,8
4,81,8
5,45,8
6,147,8
7,4,8
8,26,8
9,208,8
0,248,11
1,88,11
2,52,11
3,181,11
4,9,11
5,10,11
6,30,11
7,31,11
8,109,11
9,37,11
0,43,15
1,4,15
2,540,15
4,30,15
5,86,15
6,85,15
7,3,15
9,4,15
0,45,17
1,8,17
2,25,17
3,74,17
4,68,17
5,176,17
6,4,17
7,244,17
8,64,17
9,88,17
0,2,16
1,32,16
2,169,16
3,104,16
4,281,16
5,4,16
6,44,16
7,140,16
8,15,16
9,4,16
1,24,19
3,181,19
4,59,19
5,71,19
6,220,19
7,205,19
8,36,19
0,48,10
2,186,10
3,15,10
5,10,10
6,100,10
7,213,10
8,226,10
0,247,18
1,73,18
2,5,18
3,35,18
4,75,18
5,50,18
6,32,18
8,216,18
9,63,18
0,124,13
1,204,13
2,22,13
3,23,13
4,84,13
5,4,13
6,26,13
7,268,13
9,43,13
0,100,3
1,34,3
2,4,3
3,45,3
4,12,3
5,5,3
6,259,3
7,19,3
8,255,3
9,63,3
0,100,1
1,55,1
2,187,1
3,135,1
4,67,1
5,16,1
7,31,1
8,177,1
9,28,1
0,74,2
1,212,2
2,208,2
3,57,2
4,136,2
5,78,2
7,3,2
8,26,2
9,3,2
0,76,5
1,45,5
2,96,5
3,3,5
4,72,5
5,19,5
6,2,5
8,150,5
9,334,5
0,445,14
1,76,14
2,28,14
3,96,14
5,28,14
6,8,14
7,106,14
9,11,14
0,91,7
1,2,7
2,2,7
3,158,7
4,80,7
5,121,7
6,245,7
7,14,7
8,2,7
9,80,7
0,28,14
1,16,14
2,4,14
3,206,14
4,2,14
5,512,14
6,4,14
7,10,14
8,12,14
9,4,14
0,170,3
1,208,3
2,136,3
3,152,3
6,4,3
7,60,3
8,35,3
9,32,3
0,8,11
1,36,11
2,7,11
3,29,11
4,20,11
5,630,11
6,2,11
7,45,11
8,5,11
9,15,11
0,259,9
1,63,9
2,85,9
3,243,9
4,1,9
6,20,9
7,18,9
8,60,9
9,48,9
0,10,4
1,4,4
2,74,4
3,96,4
4,13,4
5,64,4
7,172,4
8,168,4
9,194,4
1,1,6
2,28,6
3,193,6
5,9,6
6,114,6
7,48,6
8,352,6
9,51,6
0,17,8
1,16,8
2,147,8
3,249,8
4,222,8
6,12,8
7,119,8
9,14,8
0,300,19
1,80,19
2,89,19
3,96,19
4,24,19
5,3,19
6,2,19
7,93,19
8,108,19
9,1,19
0,50,5
1,20,5
2,63,5
5,118,5
6,512,5
7,6,5
8,14,5
9,12,5
0,29,2
1,127,2
2,48,2
3,458,2
4,2,2
5,1,2
6,45,2
8,60,2
9,27,2
0,52,12
1,169,12
3,17,12
4,10,12
5,67,12
6,225,12
7,132,12
8,57,12
9,66,12
0,8,16
1,20,16
2,16,16
3,103,16
4,128,16
5,466,16
6,1,16
8,33,16
9,20,16
0,3,1
1,170,1
2,39,1
3,97,1
4,296,1
5,32,1
6,33,1
7,3,1
8,88,1
9,34,1
0,52,7
1,110,7
2,20,7
3,4,7
4,3,7
5,26,7
6,536,7
7,26,7
8,2,7
9,16,7
0,63,15
2,14,15
3,2,15
4,131,15
5,272,15
6,10,15
7,107,15
8,189,15
9,8,15
0,2,17
1,1,17
2,35,17
3,454,17
4,156,17
5,20,17
6,6,17
7,28,17
8,93,17
9,1,17
0,1,13
1,43,13
2,52,13
3,172,13
4,24,13
6,40,13
7,182,13
8,15,13
9,268,13
0,23,0
1,71,0
2,116,0
3,164,0
4,12,0
5,68,0
6,29,0
7,36,0
8,131,0
9,146,0
0,21,18
1,15,18
2,21,18
3,4,18
4,412,18
6,220,18
7,76,18
8,4,18
9,23,18
0,86,10
1,375,10
2,7,10
3,12,10
4,180,10
6,73,10
7,8,10
8,52,10
9,3,10
0,269,14
1,35,14
2,189,14
3,36,14
5,7,14
6,20,14
8,48,14
9,192,14
0,4,5
1,80,5
2,56,5
3,143,5
4,24,5
5,20,5
6,100,5
7,197,5
8,140,5
9,32,5
0,42,16
3,13,16
4,106,16
5,67,16
6,157,16
7,56,16
8,356,16
0,8,8
1,251,8
2,120,8
3,17,8
4,72,8
5,242,8
6,4,8
7,46,8
8,35,8
0,264,3
1,16,3
3,436,3
4,12,3
5,4,3
7,8,3
8,37,3
9,18,3
0,73,7
1,60,7
2,78,7
3,147,7
4,34,7
5,178,7
6,187,7
7,4,7
8,28,7
9,8,7
0,214,17
1,120,17
2,2,17
4,68,17
5,236,17
6,8,17
7,72,17
8,27,17
9,50,17
0,31,1
1,162,1
2,12,1
3,104,1
4,44,1
5,82,1
6,240,1
7,118,1
9,2,1
0,80,4
1,168,4
2,108,4
4,96,4
5,14,4
6,8,4
7,256,4
8,24,4
9,42,4
0,5,9
1,239,9
3,135,9
4,94,9
5,229,9
6,24,9
7,60,9
8,4,9
9,7,9
0,380,15
1,1,15
2,2,15
3,49,15
6,86,15
7,84,15
8,139,15
9,56,15
1,4,10
2,480,10
3,4,10
4,40,10
5,22,10
6,105,10
7,10,10
8,70,10
9,62,10
0,13,18
1,497,18
2,30,18
3,48,18
4,54,18
5,147,18
7,2,18
9,6,18
0,64,13
1,67,13
2,7,13
3,1,13
4,12,13
5,367,13
6,1,13
7,144,13
8,126,13
9,7,13
0,19,19
1,92,19
2,265,19
3,100,19
4,215,19
5,26,19
6,40,19
7,1,19
8,8,19
9,30,19
0,129,6
1,3,6
2,53,6
4,6,6
5,299,6
6,10,6
7,136,6
8,152,6
9,8,6
0,40,2
1,1,2
2,11,2
3,2,2
4,18,2
5,4,2
6,204,2
7,468,2
8,5,2
9,44,2
1,35,11
2,20,11
4,412,11
6,152,11
7,64,11
8,56,11
9,57,11
0,186,12
1,132,12
2,166,12
3,20,12
4,71,12
5,52,12
7,72,12
8,81,12
9,16,12
0,42,0
1,4,0
2,212,0
3,47,0
4,95,0
6,189,0
7,3,0
8,166,0
9,39,0
0,208,17
1,344,17
2,96,17
3,4,17
4,4,17
5,63,17
6,31,17
7,15,17
8,23,17
9,11,17
1,68,1
2,254,1
3,16,1
4,48,1
5,297,1
6,4,1
8,45,1
9,64,1
0,92,3
1,36,3
2,8,3
3,94,3
4,118,3
5,151,3
6,3,3
8,164,3
9,130,3
0,17,9
1,209,9
2,77,9
3,5,9
4,22,9
5,2,9
6,230,9
7,175,9
8,58,9
0,42,13
1,64,13
2,89,13
3,215,13
5,117,13
7,86,13
8,37,13
9,146,13
0,41,10
1,9,10
2,230,10
3,356,10
4,9,10
5,4,10
7,50,10
8,28,10
9,69,10
0,24,8
1,7,8
2,492,8
3,2,8
4,139,8
6,104,8
7,16,8
8,12,8
0,17,15
1,46,15
2,448,15
3,45,15
4,1,15
5,67,15
6,76,15
7,17,15
8,14,15
9,64,15
0,76,14
1,156,14
2,4,14
3,209,14
4,41,14
5,34,14
6,133,14
7,2,14
8,132,14
9,7,14
0,75,2
1,285,2
2,29,2
3,84,2
5,68,2
6,59,2
7,2,2
8,121,2
9,73,2
0,184,19
1,320,19
2,28,19
3,115,19
4,28,19
5,21,19
6,12,19
7,52,19
8,6,19
9,30,19
1,144,16
2,13,16
3,478,16
4,15,16
6,12,16
8,127,16
9,8,16
0,38,5
1,16,5
2,85,5
3,184,5
4,37,5
5,4,5
7,296,5
8,72,5
9,64,5
1,16,18
2,99,18
3,41,18
4,12,18
5,28,18
7,222,18
8,3,18
9,376,18
0,50,11
1,60,11
2,7,11
3,20,11
4,92,11
5,383,11
6,5,11
8,139,11
9,40,11
0,67,4
1,253,4
2,25,4
3,80,4
4,41,4
5,29,4
6,27,4
7,82,4
8,72,4
9,119,4
0,64,6
2,18,6
3,70,6
4,213,6
5,242,6
6,106,6
7,5,6
9,79,6
0,84,7
1,3,7
3,602,7
5,13,7
6,3,7
7,39,7
8,20,7
9,31,7
0,4,0
1,109,0
2,28,0
3,248,0
4,32,0
5,132,0
7,33,0
8,188,0
9,23,0
0,8,12
1,89,12
2,156,12
3,22,12
4,4,12
5,71,12
6,68,12
7,108,12
8,198,12
9,73,12
0,67,16
1,132,16
3,39,16
5,96,16
6,36,16
8,208,16
9,220,16
0,46,8
1,44,8
2,67,8
4,29,8
5,104,8
6,44,8
8,424,8
9,39,8
0,64,15
1,30,15
2,105,15
3,1,15
4,304,15
5,4,15
6,188,15
7,24,15
8,31,15
9,44,15
0,115,14
1,8,14
2,54,14
3,9,14
4,72,14
5,231,14
6,52,14
7,116,14
8,79,14
9,62,14
0,181,17
2,112,17
3,74,17
4,291,17
5,1,17
6,37,17
7,82,17
8,18,17
0,198,18
1,232,18
2,154,18
3,3,18
4,3,18
5,30,18
6,9,18
7,67,18
8,58,18
9,42,18
0,144,19
1,2,19
3,38,19
4,4,19
5,299,19
6,70,19
8,171,19
9,70,19
0,116,9
1,39,9
2,273,9
3,37,9
4,126,9
5,27,9
8,153,9
9,26,9
0,76,3
1,21,3
2,87,3
3,115,3
5,344,3
7,79,3
8,30,3
9,45,3
0,192,5
2,16,5
3,27,5
4,96,5
5,8,5
6,31,5
7,55,5
8,35,5
9,336,5
0,120,1
1,20,1
2,148,1
3,221,1
4,110,1
5,89,1
6,36,1
7,52,1
8,1,1
0,576,2
1,12,2
2,36,2
3,22,2
4,18,2
5,58,2
6,15,2
8,29,2
9,29,2
0,5,7
1,10,7
2,20,7
3,52,7
4,47,7
5,17,7
6,184,7
7,461,7
2,11,10
5,11,10
6,148,10
7,16,10
8,576,10
9,36,10
0,15,4
2,7,4
3,328,4
4,5,4
5,36,4
6,3,4
7,11,4
8,113,4
9,278,4
0,99,0
1,1,0
2,109,0
3,68,0
4,236,0
6,157,0
7,2,0
8,96,0
9,28,0
0,104,11
1,161,11
2,28,11
3,128,11
4,16,11
5,37,11
6,105,11
7,28,11
8,1,11
9,188,11
0,34,6
1,65,6
2,4,6
3,6,6
4,74,6
5,140,6
6,5,6
7,15,6
8,10,6
9,443,6
0,2,12
1,9,12
2,34,12
3,61,12
4,281,12
5,13,12
6,134,12
7,8,12
8,38,12
9,216,12
1,79,13
2,15,13
3,69,13
4,335,13
5,62,13
7,40,13
8,183,13
9,13,13
0,97,1
1,152,1
2,36,1
3,80,1
4,23,1
5,24,1
6,4,1
7,140,1
8,221,1
9,17,1
0,5,16
1,30,16
2,6,16
3,71,16
5,221,16
6,73,16
7,224,16
8,77,16
9,88,16
0,35,15
2,113,15
3,16,15
5,7,15
6,154,15
7,435,15
8,38,15
0,192,19
1,4,19
2,12,19
4,252,19
6,30,19
7,36,19
8,270,19
0,65,8
1,228,8
2,94,8
3,34,8
4,1,8
5,197,8
7,31,8
8,56,8
9,91,8
0,76,11
1,27,11
2,24,11
3,6,11
4,133,11
5,22,11
6,16,11
7,165,11
8,2,11
9,325,11
0,48,4
1,42,4
2,21,4
3,93,4
4,336,4
5,1,4
6,7,4
7,88,4
8,123,4
9,36,4
0,14,5
1,12,5
2,256,5
3,8,5
4,4,5
5,93,5
6,219,5
7,67,5
8,118,5
9,4,5
0,3,12
1,336,12
2,97,12
3,3,12
4,12,12
5,113,12
6,64,12
7,53,12
8,105,12
9,10,12
0,43,7
1,6,7
2,14,7
3,220,7
4,62,7
5,26,7
6,302,7
7,34,7
8,3,7
9,87,7
0,69,0
1,72,0
2,19,0
3,17,0
4,90,0
5,179,0
6,13,0
7,313,0
8,4,0
9,20,0
0,48,18
1,420,18
2,8,18
3,12,18
4,7,18
5,14,18
6,7,18
7,65,18
8,140,18
9,76,18
0,49,14
1,274,14
2,29,14
3,46,14
4,245,14
5,12,14
6,84,14
8,32,14
9,25,14
0,228,13
2,166,13
3,55,13
4,95,13
5,37,13
6,68,13
8,90,13
9,56,13
0,45,17
1,12,17
2,32,17
4,248,17
5,72,17
6,34,17
7,56,17
8,274,17
9,22,17
0,200,3
1,8,3
2,32,3
3,21,3
4,14,3
5,149,3
6,90,3
7,63,3
8,11,3
9,208,3
0,348,6
1,12,6
2,200,6
3,4,6
4,20,6
5,192,6
6,4,6
7,13,6
0,23,2
1,26,2
2,69,2
3,329,2
4,152,2
5,64,2
6,1,2
7,108,2
8,8,2
9,15,2
0,3,10
1,100,10
2,92,10
3,84,10
4,25,10
5,42,10
6,313,10
7,3,10
8,70,10
9,64,10
0,57,9
1,257,9
2,5,9
3,39,9
4,70,9
5,1,9
6,157,9
7,68,9
8,86,9
9,55,9
0,53,3
1,23,3
2,37,3
3,183,3
4,35,3
5,223,3
6,118,3
7,4,3
8,12,3
9,109,3
0,88,18
1,64,18
2,38,18
3,137,18
4,31,18
5,144,18
7,138,18
8,156,18
0,108,14
1,62,14
2,132,14
3,27,14
4,12,14
5,4,14
6,142,14
7,15,14
8,278,14
9,16,14
0,173,5
1,216,5
3,69,5
4,124,5
5,122,5
6,58,5
7,8,5
8,27,5
0,16,4
1,319,4
2,9,4
3,8,4
4,132,4
6,136,4
7,142,4
8,11,4
9,24,4
0,171,9
2,76,9
3,20,9
4,97,9
5,102,9
6,4,9
7,82,9
8,4,9
9,240,9
0,2,8
1,4,8
2,84,8
3,60,8
4,4,8
5,16,8
6,245,8
7,3,8
8,8,8
9,370,8
0,351,6
1,71,6
2,3,6
3,3,6
4,152,6
5,31,6
6,140,6
7,14,6
8,9,6
9,23,6
0,43,0
1,100,0
2,30,0
3,356,0
4,20,0
5,15,0
6,3,0
7,45,0
8,44,0
9,140,0
1,252,17
2,86,17
3,131,17
4,36,17
5,2,17
6,92,17
7,54,17
8,46,17
9,97,17
1,116,12
2,55,12
3,2,12
4,3,12
5,167,12
7,316,12
8,19,12
9,119,12
0,20,11
1,216,11
3,24,11
4,217,11
5,5,11
6,188,11
7,100,11
9,24,11
1,6,10
3,113,10
4,264,10
5,48,10
6,81,10
7,74,10
8,194,10
9,17,10
0,30,15
1,180,15
2,12,15
3,65,15
4,182,15
5,60,15
6,15,15
8,209,15
9,44,15
0,133,1
1,160,1
2,36,1
4,68,1
5,200,1
6,1,1
7,14,1
8,3,1
9,182,1
0,42,16
1,145,16
2,199,16
3,51,16
4,192,16
5,9,16
6,11,16
7,120,16
8,7,16
9,20,16
0,45,19
1,336,19
2,8,19
3,53,19
4,2,19
5,15,19
6,14,19
7,12,19
8,5,19
9,305,19
0,53,13
1,30,13
2,127,13
3,24,13
4,10,13
5,21,13
6,143,13
7,266,13
8,93,13
9,29,13
0,4,7
1,112,7
2,288,7
3,31,7
4,146,7
6,75,7
7,122,7
8,19,7
0,88,2
1,128,2
2,1,2
3,335,2
4,43,2
5,116,2
6,26,2
7,6,2
8,52,2
0,27,4
1,72,4
2,173,4
3,10,4
4,76,4
5,23,4
6,2,4
7,169,4
8,8,4
9,236,4
0,132,13
1,35,13
2,103,13
3,228,13
4,115,13
5,95,13
6,19,13
7,64,13
9,5,13
0,14,6
1,181,6
2,47,6
3,80,6
4,10,6
6,24,6
7,224,6
8,19,6
9,198,6
1,22,15
2,11,15
3,69,15
4,364,15
5,11,15
6,19,15
7,22,15
8,12,15
9,266,15
0,11,9
1,88,9
2,32,9
3,142,9
4,88,9
5,13,9
6,26,9
7,72,9
8,289,9
9,36,9
1,59,2
2,9,2
3,14,2
4,13,2
5,176,2
6,4,2
7,383,2
8,26,2
9,113,2
0,145,18
1,40,18
3,53,18
4,39,18
5,144,18
6,4,18
7,46,18
8,316,18
9,9,18
0,272,12
1,52,12
4,106,12
5,132,12
6,16,12
7,80,12
8,23,12
9,115,12
0,267,7
1,296,7
2,28,7
4,10,7
5,12,7
6,84,7
7,100,7
0,66,5
1,420,5
2,2,5
3,109,5
4,56,5
5,15,5
6,10,5
7,97,5
8,5,5
9,16,5
0,158,19
1,65,19
2,188,19
3,10,19
4,160,19
5,5,19
6,34,19
7,16,19
8,105,19
9,54,19
0,12,14
1,104,14
2,3,14
4,160,14
5,482,14
6,4,14
9,32,14
0,24,1
1,266,1
2,20,1
3,33,1
4,28,1
5,120,1
6,208,1
7,14,1
8,40,1
9,43,1
0,20,10
1,116,10
2,3,10
3,21,10
4,88,10
5,57,10
6,136,10
7,179,10
8,3,10
9,174,10
0,27,16
1,60,16
4,39,16
5,22,16
6,54,16
7,152,16
8,93,16
9,351,16
0,12,3
1,28,3
2,234,3
3,106,3
4,174,3
5,7,3
6,15,3
7,2,3
8,216,3
9,2,3
0,11,11
1,233,11
2,24,11
3,201,11
4,80,11
5,6,11
6,144,11
7,60,11
8,39,11
0,43,17
1,49,17
2,55,17
3,136,17
4,101,17
5,16,17
6,169,17
7,35,17
8,191,17
0,58,0
1,74,0
2,51,0
3,3,0
4,3,0
5,13,0
6,9,0
7,25,0
8,320,0
9,240,0
0,187,8
1,8,8
2,173,8
3,52,8
4,24,8
5,30,8
6,44,8
7,119,8
8,3,8
9,156,8
0,10,18
1,4,18
3,208,18
4,88,18
5,206,18
6,82,18
7,12,18
8,168,18
9,18,18
0,63,19
1,20,19
2,35,19
3,1,19
4,24,19
5,318,19
6,251,19
7,38,19
8,36,19
9,11,19
0,12,2
2,28,2
3,48,2
4,1,2
5,436,2
6,18,2
7,134,2
8,78,2
9,40,2
0,133,9
1,190,9
3,5,9
4,22,9
5,51,9
6,260,9
7,77,9
8,4,9
9,53,9
0,1,8
1,39,8
3,50,8
4,212,8
5,28,8
6,224,8
7,91,8
8,40,8
9,111,8
0,9,6
1,1,6
2,45,6
3,74,6
4,6,6
5,409,6
6,179,6
7,28,6
9,44,6
1,12,7
2,212,7
3,97,7
5,1,7
6,20,7
7,187,7
8,157,7
9,110,7
0,172,4
1,132,4
2,70,4
3,36,4
5,48,4
6,24,4
7,31,4
8,1,4
9,283,4
0,7,5
1,288,5
3,196,5
4,101,5
5,126,5
6,28,5
7,9,5
8,4,5
9,36,5
0,28,14
1,28,14
2,69,14
3,11,14
4,21,14
5,59,14
6,41,14
8,5,14
9,533,14
0,116,11
1,39,11
2,13,11
3,59,11
4,21,11
5,94,11
6,41,11
7,20,11
9,393,11
0,49,10
1,16,10
3,176,10
4,192,10
5,165,10
6,148,10
7,4,10
8,33,10
9,12,10
1,134,16
2,153,16
4,345,16
6,13,16
7,6,16
8,2,16
9,143,16
0,28,0
1,7,0
2,37,0
3,20,0
4,75,0
5,29,0
6,77,0
7,57,0
8,408,0
9,58,0
0,240,12
1,3,12
2,16,12
3,80,12
5,11,12
6,230,12
7,6,12
8,125,12
9,87,12
0,8,15
1,60,15
2,2,15
3,2,15
4,5,15
5,252,15
6,204,15
8,263,15
9,1,15
0,188,13
1,135,13
2,156,13
3,207,13
4,36,13
5,15,13
7,55,13
8,4,13
0,221,17
1,4,17
2,108,17
3,41,17
4,1,17
5,368,17
6,28,17
7,11,17
8,14,17
0,107,3
1,201,3
3,164,3
4,184,3
5,67,3
6,34,3
7,28,3
9,11,3
0,149,1
1,221,1
2,164,1
3,145,1
4,3,1
5,20,1
6,34,1
7,21,1
8,4,1
9,35,1
0,4,14
1,8,14
2,15,14
3,188,14
4,4,14
5,4,14
6,19,14
7,531,14
8,7,14
9,17,14
0,36,0
1,163,0
2,80,0
3,24,0
4,242,0
5,16,0
6,134,0
7,4,0
8,7,0
9,90,0
0,59,6
1,23,6
2,83,6
3,22,6
4,42,6
5,338,6
6,3,6
7,178,6
8,6,6
9,43,6
0,65,5
1,116,5
3,31,5
4,160,5
7,172,5
8,62,5
9,190,5
0,133,12
1,109,12
2,6,12
3,45,12
4,98,12
5,44,12
6,292,12
8,19,12
9,51,12
0,5,9
1,367,9
2,68,9
3,16,9
4,167,9
5,12,9
6,20,9
7,93,9
8,29,9
9,19,9
0,44,8
1,120,8
2,210,8
3,4,8
4,88,8
5,20,8
6,20,8
7,195,8
8,34,8
9,60,8
0,24,18
1,89,18
2,11,18
3,165,18
4,339,18
5,27,18
6,111,18
8,28,18
9,2,18
1,150,7
3,7,7
4,45,7
5,112,7
6,25,7
7,328,7
8,88,7
9,41,7
1,50,16
2,95,16
3,127,16
4,20,16
5,49,16
6,277,16
7,20,16
8,95,16
9,63,16
0,56,11
1,213,11
2,135,11
3,76,11
4,204,11
5,21,11
6,13,11
7,1,11
8,72,11
9,4,11
0,6,3
1,23,3
2,4,3
4,19,3
5,36,3
6,108,3
7,600,3
9,1,3
0,11,2
1,10,2
3,74,2
4,201,2
5,104,2
6,4,2
7,314,2
8,76,2
9,3,2
0,83,10
1,13,10
2,121,10
3,314,10
4,5,10
5,30,10
6,152,10
7,61,10
8,8,10
9,8,10
0,5,15
1,360,15
2,7,15
3,4,15
4,132,15
5,12,15
6,92,15
7,3,15
9,181,15
1,1,4
2,100,4
4,6,4
5,488,4
6,79,4
8,119,4
9,2,4
0,1,19
1,162,19
2,27,19
3,144,19
4,101,19
5,48,19
6,27,19
7,96,19
8,188,19
9,2,19
0,32,1
1,8,1
2,132,1
3,2,1
4,8,1
5,12,1
6,155,1
7,64,1
8,284,1
9,99,1
0,27,17
1,61,17
2,4,17
3,433,17
5,25,17
7,151,17
8,6,17
9,90,17
0,446,13
1,13,13
2,8,13
3,83,13
4,132,13
5,1,13
6,3,13
7,18,13
8,81,13
9,10,13
0,413,15
2,48,15
3,160,15
4,38,15
5,13,15
7,45,15
8,71,15
9,8,15
1,250,1
2,40,1
3,60,1
4,137,1
5,67,1
7,4,1
8,1,1
9,238,1
0,110,11
1,96,11
2,17,11
4,24,11
5,52,11
8,124,11
9,372,11
0,1,6
1,125,6
2,50,6
3,35,6
4,6,6
5,4,6
6,16,6
7,543,6
8,11,6
9,4,6
1,33,8
2,24,8
4,646,8
5,12,8
6,28,8
7,16,8
9,36,8
0,40,7
1,190,7
2,84,7
3,82,7
4,167,7
5,175,7
6,1,7
7,10,7
8,44,7
9,2,7
0,131,18
1,19,18
2,340,18
3,41,18
5,34,18
6,2,18
7,55,18
8,171,18
9,3,18
0,387,9
1,71,9
2,1,9
3,26,9
4,8,9
5,15,9
6,18,9
7,1,9
8,103,9
9,166,9
1,253,4
2,5,4
3,71,4
4,24,4
5,121,4
6,72,4
7,31,4
9,220,4
0,160,10
1,60,10
2,116,10
3,31,10
4,238,10
5,11,10
6,7,10
7,12,10
8,161,10
0,2,13
1,1,13
2,134,13
3,7,13
4,147,13
5,189,13
6,4,13
7,183,13
8,81,13
9,48,13
0,233,2
1,17,2
3,24,2
4,23,2
5,80,2
6,15,2
7,260,2
8,108,2
9,36,2
0,2,14
1,160,14
3,432,14
4,48,14
5,20,14
6,67,14
8,8,14
9,60,14
0,5,5
1,172,5
2,12,5
3,30,5
4,70,5
5,16,5
6,365,5
7,46,5
8,75,5
9,6,5
0,23,19
1,92,19
2,228,19
3,12,19
5,1,19
6,7,19
7,110,19
8,210,19
9,112,19
0,185,16
1,56,16
2,9,16
3,18,16
4,222,16
5,129,16
6,94,16
7,1,16
8,42,16
9,39,16
0,148,3
1,313,3
2,128,3
3,11,3
4,31,3
5,93,3
6,28,3
8,39,3
9,5,3
0,94,12
1,10,12
3,147,12
4,64,12
5,92,12
6,31,12
7,187,12
9,172,12
0,2,17
1,1,17
2,100,17
4,29,17
5,248,17
6,200,17
7,64,17
8,68,17
9,84,17
0,67,0
1,17,0
2,58,0
3,1,0
4,12,0
5,436,0
6,1,0
7,62,0
9,141,0
0,49,17
1,7,17
2,91,17
3,22,17
4,353,17
5,36,17
6,4,17
7,6,17
8,64,17
9,164,17
0,185,16
1,140,16
2,160,16
3,12,16
4,79,16
5,6,16
6,2,16
7,192,16
8,18,16
9,4,16
1,4,0
2,5,0
3,156,0
4,9,0
5,61,0
7,320,0
8,105,0
9,136,0
0,59,10
1,11,10
2,4,10
3,160,10
5,4,10
6,15,10
7,109,10
8,326,10
9,108,10
0,141,12
1,242,12
2,195,12
3,28,12
5,4,12
6,4,12
8,115,12
9,68,12
0,80,13
1,2,13
2,108,13
4,200,13
5,24,13
6,257,13
7,48,13
9,76,13
1,252,7
2,87,7
3,70,7
4,39,7
5,24,7
6,112,7
7,164,7
8,7,7
9,41,7
0,56,6
1,171,6
2,29,6
3,7,6
4,7,6
5,87,6
6,3,6
7,107,6
8,216,6
9,113,6
0,15,19
1,33,19
2,148,19
3,157,19
4,2,19
5,31,19
6,1,19
7,113,19
8,287,19
9,9,19
0,4,1
1,438,1
2,55,1
3,48,1
4,17,1
5,60,1
6,3,1
7,70,1
8,96,1
9,7,1
0,28,2
1,34,2
2,113,2
3,52,2
4,13,2
5,88,2
6,77,2
7,317,2
8,25,2
9,48,2
0,5,14
1,2,14
2,20,14
3,127,14
4,20,14
5,36,14
6,27,14
7,15,14
8,527,14
9,16,14
0,256,15
1,109,15
2,226,15
3,3,15
4,37,15
7,4,15
9,162,15
0,166,9
1,263,9
2,11,9
3,4,9
5,83,9
6,161,9
7,104,9
8,5,9
0,77,3
1,60,3
2,44,3
3,36,3
4,4,3
5,296,3
6,100,3
8,141,3
9,36,3
0,38,5
1,170,5
2,132,5
3,33,5
4,10,5
5,1,5
6,190,5
7,16,5
8,4,5
9,200,5
0,82,11
1,6,11
2,48,11
4,4,11
5,102,11
6,207,11
7,122,11
8,180,11
9,44,11
0,31,8
1,176,8
2,132,8
3,1,8
4,196,8
5,176,8
6,20,8
7,8,8
9,59,8
0,132,18
1,246,18
2,37,18
3,55,18
5,53,18
7,22,18
8,219,18
9,32,18
0,20,4
1,72,4
2,11,4
3,70,4
4,90,4
5,39,4
7,14,4
8,201,4
9,280,4
0,20,10
1,166,10
2,70,10
4,87,10
5,48,10
6,179,10
7,204,10
8,3,10
9,20,10
0,2,18
1,103,18
3,105,18
4,184,18
5,47,18
6,20,18
7,70,18
8,33,18
9,232,18
0,52,0
1,20,0
2,26,0
3,26,0
4,188,0
5,8,0
6,3,0
7,33,0
8,174,0
9,266,0
0,4,8
1,420,8
2,4,8
3,2,8
4,68,8
5,7,8
6,69,8
7,116,8
8,56,8
9,51,8
0,60,2
1,277,2
2,64,2
3,29,2
4,32,2
5,152,2
6,48,2
7,58,2
8,75,2
0,115,3
1,134,3
2,1,3
3,129,3
4,137,3
5,30,3
7,8,3
8,199,3
9,43,3
0,80,5
2,8,5
3,15,5
4,12,5
5,72,5
6,129,5
7,26,5
8,37,5
9,416,5
0,17,14
1,13,14
2,80,14
5,121,14
6,244,14
7,177,14
8,4,14
9,141,14
0,8,13
1,18,13
2,204,13
3,119,13
4,140,13
5,164,13
6,2,13
7,19,13
9,124,13
0,164,19
1,5,19
2,12,19
3,73,19
4,81,19
5,2,19
6,38,19
7,134,19
8,43,19
9,244,19
0,142,7
2,30,7
3,23,7
4,45,7
5,235,7
6,43,7
7,143,7
8,84,7
9,52,7
0,216,4
1,5,4
2,119,4
3,120,4
4,25,4
5,32,4
6,81,4
7,4,4
8,94,4
9,99,4
2,260,1
3,240,1
4,3,1
5,34,1
7,28,1
8,100,1
9,132,1
0,29,9
1,19,9
2,27,9
3,9,9
4,16,9
5,168,9
6,331,9
7,185,9
8,6,9
9,6,9
0,8,15
1,43,15
2,16,15
3,3,15
4,193,15
5,49,15
6,461,15
7,14,15
8,8,15
0,89,12
1,2,12
2,16,12
3,275,12
4,101,12
5,183,12
6,6,12
7,88,12
9,35,12
0,22,6
1,276,6
2,163,6
4,34,6
5,221,6
6,3,6
7,18,6
8,51,6
9,9,6
0,45,11
1,134,11
2,126,11
3,306,11
4,24,11
5,5,11
6,92,11
7,33,11
8,4,11
9,27,11
0,95,16
1,125,16
2,255,16
3,134,16
4,27,16
5,8,16
6,76,16
7,66,16
8,10,16
0,13,17
1,393,17
2,68,17
3,68,17
4,132,17
5,36,17
6,46,17
7,28,17
8,8,17
9,3,17
0,2,8
1,208,8
2,24,8
3,27,8
4,8,8
5,140,8
6,226,8
7,1,8
9,161,8
0,13,9
1,65,9
2,16,9
3,239,9
4,21,9
5,241,9
6,50,9
7,15,9
8,131,9
9,5,9
1,102,2
2,2,2
3,318,2
4,105,2
5,4,2
6,242,2
7,23,2
9,1,2
0,370,0
1,100,0
2,37,0
3,7,0
4,1,0
5,63,0
6,57,0
7,114,0
8,7,0
9,40,0
0,64,1
1,51,1
2,237,1
3,109,1
4,25,1
5,30,1
6,144,1
8,76,1
9,60,1
0,9,12
1,193,12
2,92,12
3,22,12
4,8,12
5,312,12
6,1,12
7,74,12
8,24,12
9,61,12
0,202,19
2,12,19
5,263,19
6,100,19
7,148,19
8,22,19
9,51,19
0,121,10
1,222,10
2,103,10
3,37,10
4,64,10
6,33,10
7,72,10
8,57,10
9,88,10
1,45,11
2,5,11
3,146,11
4,32,11
5,328,11
6,75,11
7,37,11
8,116,11
9,12,11
0,22,7
1,8,7
2,262,7
3,33,7
4,94,7
5,1,7
6,65,7
8,19,7
9,292,7
0,84,18
1,3,18
2,83,18
4,111,18
5,44,18
6,127,18
7,189,18
8,13,18
9,141,18
0,83,16
1,240,16
2,2,16
3,17,16
4,16,16
5,37,16
6,52,16
7,23,16
8,264,16
9,62,16
0,269,5
1,227,5
2,164,5
3,8,5
4,4,5
5,115,5
6,4,5
9,5,5
0,1,13
1,1,13
2,15,13
3,389,13
4,73,13
6,92,13
7,16,13
8,184,13
9,24,13
0,16,17
1,13,17
2,167,17
3,93,17
4,48,17
5,12,17
7,35,17
8,398,17
9,14,17
0,50,15
1,7,15
2,145,15
3,38,15
4,37,15
5,144,15
6,139,15
7,113,15
8,73,15
9,50,15
0,229,14
1,93,14
2,142,14
3,71,14
5,44,14
6,16,14
7,4,14
8,70,14
9,126,14
0,45,3
1,37,3
2,36,3
3,1,3
4,44,3
5,2,3
6,491,3
7,88,3
8,13,3
9,39,3
0,5,4
1,132,4
2,1,4
3,11,4
4,208,4
6,151,4
7,50,4
8,140,4
9,98,4
1,18,6
2,27,6
3,8,6
4,184,6
5,34,6
6,12,6
7,428,6
8,12,6
9,74,6
0,7,16
2,21,16
4,432,16
5,44,16
6,95,16
7,132,16
8,16,16
9,49,16
0,32,19
1,61,19
2,372,19
3,14,19
4,18,19
5,96,19
6,90,19
7,20,19
8,51,19
9,42,19
0,13,17
1,204,17
2,136,17
3,6,17
4,107,17
5,44,17
6,112,17
7,130,17
8,24,17
9,20,17
0,30,8
1,29,8
2,104,8
4,3,8
5,1,8
6,247,8
7,23,8
8,318,8
9,40,8
0,16,15
1,24,15
2,224,15
3,40,15
4,276,15
5,122,15
6,64,15
7,8,15
9,21,15
1,33,2
2,2,2
3,84,2
4,85,2
5,260,2
6,153,2
7,146,2
9,32,2
0,24,3
1,86,3
5,26,3
6,2,3
7,93,3
8,376,3
9,189,3
0,125,6
2,130,6
3,243,6
4,44,6
5,84,6
6,108,6
7,28,6
8,34,6
0,32,4
2,3,4
3,13,4
4,9,4
5,80,4
6,37,4
7,8,4
8,377,4
9,236,4
0,7,14
1,52,14
2,12,14
3,226,14
4,180,14
5,128,14
6,64,14
8,32,14
9,96,14
0,197,11
1,42,11
2,16,11
3,7,11
4,145,11
5,1,11
6,138,11
7,48,11
8,12,11
9,190,11
0,12,5
1,166,5
2,3,5
3,322,5
5,17,5
6,41,5
7,8,5
8,40,5
9,188,5
0,89,9
1,25,9
2,28,9
3,202,9
4,3,9
6,2,9
7,24,9
8,64,9
9,359,9
0,134,7
1,129,7
2,286,7
3,56,7
4,12,7
5,7,7
6,68,7
8,8,7
9,96,7
0,4,0
1,214,0
2,2,0
3,114,0
4,85,0
5,52,0
6,63,0
7,40,0
9,222,0
0,223,12
1,103,12
2,12,12
3,104,12
5,48,12
6,39,12
7,22,12
8,232,12
9,13,12
0,32,13
1,268,13
2,100,13
3,55,13
4,238,13
6,12,13
7,48,13
9,43,13
0,78,10
1,32,10
2,31,10
3,43,10
4,202,10
5,184,10
6,16,10
7,11,10
8,41,10
9,160,10
0,16,18
1,72,18
3,136,18
4,369,18
6,3,18
7,188,18
9,12,18
0,54,1
1,45,1
2,142,1
3,7,1
5,64,1
6,280,1
7,16,1
8,44,1
9,144,1
0,31,7
2,2,7
4,43,7
5,93,7
6,269,7
7,20,7
8,122,7
9,217,7
0,29,14
1,48,14
2,124,14
3,52,14
4,246,14
6,3,14
7,28,14
8,104,14
9,163,14
0,16,11
1,9,11
2,64,11
3,2,11
4,265,11
5,215,11
6,75,11
7,32,11
8,30,11
9,88,11
0,21,2
1,405,2
2,160,2
3,22,2
4,36,2
5,41,2
7,6,2
8,19,2
9,85,2
0,14,1
1,4,1
2,4,1
3,67,1
4,167,1
5,164,1
6,5,1
7,155,1
8,63,1
9,154,1
0,17,15
1,20,15
2,105,15
3,169,15
5,353,15
6,42,15
7,49,15
8,32,15
9,8,15
0,51,13
1,23,13
2,50,13
3,120,13
4,81,13
5,50,13
6,52,13
7,120,13
8,12,13
9,236,13
0,79,18
1,139,18
2,125,18
3,12,18
4,8,18
5,50,18
6,4,18
8,2,18
9,377,18
0,391,0
1,146,0
4,12,0
5,4,0
6,132,0
7,76,0
8,26,0
9,10,0
0,248,10
1,55,10
3,236,10
4,6,10
5,20,10
6,112,10
7,28,10
8,4,10
9,87,10
0,25,6
2,107,6
3,1,6
4,316,6
5,32,6
6,49,6
7,4,6
8,253,6
9,9,6
0,8,5
1,23,5
2,4,5
3,157,5
4,13,5
5,39,5
6,36,5
7,131,5
8,318,5
9,68,5
0,29,12
1,122,12
2,78,12
3,145,12
4,40,12
5,29,12
7,44,12
8,33,12
9,275,12
0,77,9
1,40,9
2,95,9
3,446,9
4,63,9
6,1,9
7,54,9
9,20,9
0,24,17
1,36,17
2,7,17
3,72,17
4,65,17
5,175,17
6,74,17
7,140,17
8,201,17
9,3,17
0,296,19
1,3,19
2,238,19
3,7,19
4,41,19
5,40,19
6,25,19
7,21,19
8,20,19
9,105,19
0,3,8
1,433,8
2,13,8
3,76,8
4,112,8
5,58,8
6,41,8
7,18,8
8,41,8
0,4,3
1,88,3
2,100,3
3,168,3
4,4,3
5,415,3
6,2,3
7,2,3
8,3,3
9,11,3
0,15,16
1,85,16
3,109,16
5,225,16
6,308,16
7,13,16
8,40,16
9,2,16
0,173,4
1,2,4
2,20,4
3,27,4
4,158,4
5,177,4
6,7,4
7,160,4
8,72,4
0,56,3
1,211,3
2,8,3
3,4,3
4,46,3
6,117,3
7,148,3
8,156,3
9,49,3
0,236,15
1,200,15
3,64,15
4,78,15
6,17,15
7,160,15
8,4,15
9,38,15
0,53,11
1,362,11
2,7,11
3,24,11
4,16,11
5,104,11
6,183,11
7,34,11
8,5,11
9,8,11
0,181,10
1,183,10
2,2,10
3,10,10
4,120,10
5,2,10
6,6,10
7,10,10
8,83,10
9,199,10
0,21,17
1,36,17
3,32,17
4,18,17
5,8,17
6,11,17
7,71,17
8,303,17
9,295,17
0,4,14
1,1,14
2,125,14
3,133,14
4,67,14
5,42,14
6,333,14
7,5,14
8,7,14
9,79,14
0,24,8
1,43,8
2,279,8
3,35,8
4,217,8
5,178,8
6,2,8
7,16,8
8,3,8
0,40,19
1,376,19
2,10,19
6,86,19
7,248,19
8,13,19
9,24,19
0,109,7
1,28,7
2,69,7
3,12,7
4,75,7
5,222,7
6,144,7
7,4,7
8,53,7
9,80,7
0,145,2
1,124,2
2,12,2
3,14,2
5,31,2
6,110,2
8,2,2
9,358,2
0,58,0
2,110,0
3,146,0
4,2,0
5,4,0
6,4,0
7,240,0
8,24,0
9,209,0
0,217,12
1,104,12
2,24,12
3,197,12
4,3,12
5,116,12
6,15,12
7,52,12
8,3,12
9,64,12
0,47,13
1,112,13
2,14,13
3,220,13
4,43,13
5,20,13
6,145,13
7,109,13
9,85,13
0,17,4
2,16,4
3,4,4
4,102,4
5,15,4
7,270,4
8,96,4
9,275,4
0,60,9
1,19,9
2,323,9
3,56,9
4,88,9
5,36,9
6,21,9
7,26,9
8,49,9
9,116,9
0,38,16
1,12,16
2,80,16
3,52,16
5,116,16
6,64,16
7,50,16
8,224,16
9,159,16
0,510,18
3,4,18
4,12,18
5,10,18
6,28,18
8,216,18
9,16,18
0,4,6
1,4,6
2,16,6
3,438,6
5,300,6
6,4,6
7,16,6
8,13,6
0,12,1
1,148,1
2,53,1
3,67,1
6,112,1
7,124,1
8,221,1
9,60,1
0,80,5
1,164,5
2,6,5
3,368,5
4,13,5
6,117,5
9,48,5
0,45,4
1,11,4
2,4,4
3,564,4
4,121,4
5,5,4
7,15,4
8,12,4
9,19,4
0,296,5
1,17,5
2,46,5
3,24,5
4,224,5
5,24,5
6,73,5
7,36,5
8,55,5
0,578,0
1,14,0
2,3,0
3,17,0
5,54,0
6,53,0
7,14,0
8,5,0
9,58,0
0,28,6
1,24,6
2,106,6
3,308,6
4,107,6
5,12,6
6,104,6
8,80,6
9,26,6
0,77,13
1,140,13
2,10,13
3,1,13
5,40,13
6,388,13
7,115,13
8,16,13
9,8,13
0,181,9
1,79,9
2,112,9
3,191,9
4,46,9
5,119,9
6,25,9
7,24,9
8,4,9
9,16,9
0,83,11
1,151,11
2,199,11
3,78,11
4,140,11
5,2,11
6,97,11
8,22,11
9,25,11
0,23,15
1,4,15
2,78,15
3,144,15
4,32,15
5,6,15
6,58,15
7,392,15
8,44,15
9,16,15
0,227,19
1,1,19
2,25,19
3,76,19
5,133,19
7,36,19
8,3,19
9,296,19
0,67,8
1,11,8
2,165,8
3,41,8
4,98,8
5,3,8
6,162,8
7,35,8
8,8,8
9,206,8
0,8,14
1,17,14
2,16,14
3,436,14
5,111,14
6,51,14
7,109,14
8,5,14
9,44,14
1,58,18
2,4,18
3,410,18
4,2,18
5,40,18
6,165,18
7,81,18
8,28,18
9,8,18
0,93,12
1,8,12
2,16,12
3,108,12
4,20,12
5,5,12
6,72,12
7,301,12
8,125,12
9,47,12
0,49,1
1,163,1
2,16,1
3,83,1
4,6,1
5,24,1
6,63,1
7,189,1
8,71,1
9,132,1
0,12,10
1,13,10
2,46,10
3,206,10
4,30,10
5,143,10
6,76,10
7,4,10
8,5,10
9,260,10
0,121,7
1,92,7
2,68,7
3,31,7
4,169,7
5,6,7
6,7,7
7,135,7
8,168,7
0,180,2
1,334,2
2,14,2
3,16,2
4,3,2
5,28,2
7,18,2
8,22,2
9,181,2
0,177,3
1,90,3
3,12,3
4,284,3
5,52,3
6,41,3
7,74,3
8,1,3
9,64,3
0,3,17
1,16,17
2,4,17
3,428,17
4,47,17
5,29,17
6,41,17
7,20,17
8,203,17
9,5,17
3,543,16
4,40,16
5,37,16
6,5,16
7,95,16
9,76,16
0,26,4
1,8,4
2,4,4
3,23,4
4,31,4
5,8,4
6,33,4
7,484,4
9,180,4
0,32,17
1,11,17
2,51,17
3,152,17
4,336,17
6,30,17
8,63,17
9,122,17
1,38,18
2,233,18
3,38,18
5,8,18
6,22,18
7,126,18
8,104,18
9,227,18
0,24,13
3,246,13
4,148,13
6,16,13
7,52,13
8,96,13
9,216,13
0,8,3
1,161,3
2,259,3
3,12,3
4,4,3
5,240,3
6,68,3
7,26,3
8,12,3
9,7,3
0,4,2
1,115,2
3,72,2
4,63,2
5,199,2
6,1,2
7,144,2
9,199,2
0,45,7
1,29,7
2,4,7
3,72,7
4,150,7
6,49,7
7,3,7
8,433,7
9,12,7
0,90,16
1,336,16
3,4,16
4,43,16
5,78,16
6,88,16
7,65,16
8,76,16
9,16,16
0,10,8
1,56,8
2,209,8
3,167,8
4,36,8
5,128,8
6,68,8
7,52,8
9,72,8
0,6,0
1,86,0
2,157,0
3,26,0
4,32,0
5,15,0
6,404,0
7,62,0
8,1,0
9,8,0
0,2,6
1,35,6
2,6,6
3,89,6
4,58,6
5,21,6
6,59,6
7,460,6
8,56,6
9,10,6
1,135,14
2,76,14
3,31,14
4,68,14
5,35,14
6,131,14
7,132,14
8,133,14
9,56,14
1,80,11
2,3,11
3,24,11
5,111,11
6,250,11
7,304,11
8,14,11
9,12,11
0,7,5
1,41,5
2,47,5
3,162,5
4,10,5
5,7,5
6,331,5
7,81,5
8,42,5
9,68,5
0,2,9
1,164,9
2,4,9
3,8,9
4,26,9
5,54,9
6,456,9
7,31,9
9,49,9
0,307,19
1,1,19
2,22,19
3,81,19
4,12,19
5,24,19
6,107,19
7,4,19
8,226,19
9,11,19
0,41,12
1,462,12
2,3,12
3,1,12
5,105,12
6,72,12
9,112,12
0,329,10
1,164,10
2,55,10
3,77,10
4,132,10
5,15,10
7,17,10
8,4,10
9,3,10
0,184,1
1,92,1
2,220,1
4,6,1
5,76,1
6,6,1
7,33,1
8,176,1
9,3,1
0,19,15
1,3,15
2,216,15
3,279,15
4,39,15
5,77,15
6,47,15
7,6,15
8,95,15
9,16,15
0,32,16
1,109,16
2,45,16
3,90,16
4,70,16
5,127,16
6,98,16
7,11,16
8,152,16
9,62,16
0,1,18
1,124,18
3,29,18
4,16,18
5,68,18
6,278,18
7,6,18
8,21,18
9,252,18
0,104,15
1,21,15
4,28,15
5,15,15
6,63,15
7,524,15
8,1,15
9,40,15
0,15,2
1,141,2
2,172,2
3,316,2
4,18,2
5,11,2
6,18,2
7,29,2
8,75,2
9,1,2
0,61,11
1,19,11
2,296,11
3,32,11
4,245,11
5,4,11
6,39,11
7,80,11
8,20,11
9,1,11
0,170,6
1,11,6
2,11,6
3,154,6
4,57,6
5,180,6
6,2,6
7,136,6
8,12,6
9,63,6
1,61,5
2,4,5
3,188,5
4,26,5
5,40,5
6,187,5
7,19,5
8,218,5
9,54,5
0,160,17
1,47,17
2,1,17
3,80,17
4,199,17
5,84,17
6,8,17
7,5,17
8,200,17
9,12,17
0,317,7
1,3,7
2,68,7
3,30,7
5,7,7
6,69,7
7,235,7
8,68,7
0,160,4
1,35,4
4,261,4
5,18,4
6,25,4
7,106,4
9,190,4
0,6,0
1,20,0
3,69,0
5,5,0
7,103,0
8,1,0
9,592,0
0,561,13
1,31,13
2,9,13
3,9,13
4,28,13
5,34,13
6,18,13
7,13,13
8,82,13
9,10,13
0,376,3
1,63,3
2,17,3
3,52,3
4,70,3
5,52,3
6,64,3
7,43,3
8,22,3
9,38,3
0,110,8
1,17,8
3,58,8
4,123,8
6,209,8
7,96,8
8,2,8
9,181,8
0,46,19
1,12,19
2,76,19
3,72,19
4,116,19
5,15,19
6,100,19
8,127,19
9,232,19
0,118,10
2,4,10
3,181,10
4,30,10
5,1,10
6,49,10
7,308,10
8,56,10
9,48,10
0,26,9
1,6,9
2,56,9
3,234,9
4,6,9
5,85,9
6,14,9
7,296,9
8,8,9
9,65,9
0,117,1
1,72,1
2,160,1
4,123,1
6,41,1
7,259,1
8,17,1
9,8,1
0,27,14
1,199,14
2,6,14
3,30,14
4,117,14
5,136,14
6,138,14
7,38,14
8,43,14
9,63,14
0,32,12
1,73,12
2,76,12
4,6,12
5,34,12
6,322,12
7,76,12
8,85,12
9,92,12
0,243,10
1,36,10
2,7,10
3,47,10
5,4,10
6,354,10
7,28,10
8,69,10
9,9,10
0,109,19
1,122,19
2,198,19
3,22,19
4,69,19
5,192,19
6,68,19
8,11,19
9,4,19
0,16,6
1,56,6
2,88,6
3,57,6
4,134,6
6,22,6
7,215,6
9,207,6
0,133,4
1,6,4
2,72,4
3,16,4
4,167,4
5,20,4
7,18,4
8,4,4
9,361,4
0,5,9
1,236,9
2,117,9
3,13,9
4,114,9
5,117,9
6,51,9
7,69,9
8,41,9
9,32,9
0,34,17
1,24,17
2,4,17
3,34,17
4,305,17
5,80,17
6,16,17
7,290,17
8,11,17
0,208,0
1,238,0
3,12,0
4,43,0
5,190,0
6,10,0
7,6,0
8,43,0
9,47,0
0,64,18
2,65,18
3,68,18
4,423,18
6,46,18
7,13,18
8,3,18
9,114,18
0,1,14
1,86,14
2,17,14
3,3,14
4,4,14
5,445,14
6,44,14
7,80,14
8,20,14
9,96,14
0,33,7
2,110,7
3,3,7
4,25,7
5,12,7
6,513,7
7,91,7
9,9,7
0,31,16
1,52,16
2,6,16
3,116,16
4,36,16
5,104,16
6,63,16
8,347,16
9,43,16
0,186,5
1,28,5
2,313,5
3,1,5
4,4,5
5,69,5
6,45,5
7,1,5
8,135,5
9,12,5
0,12,12
1,12,12
2,50,12
3,144,12
4,103,12
5,359,12
6,22,12
7,86,12
9,9,12
0,3,11
1,3,11
2,196,11
3,80,11
4,17,11
5,23,11
6,75,11
7,7,11
8,383,11
9,11,11
0,103,13
1,134,13
2,15,13
4,22,13
6,8,13
7,272,13
8,67,13
9,176,13
0,135,3
2,16,3
3,24,3
4,32,3
5,38,3
6,16,3
7,512,3
8,24,3
0,364,1
3,12,1
4,2,1
5,169,1
6,64,1
7,12,1
8,16,1
9,157,1
0,164,8
1,242,8
2,13,8
3,14,8
4,104,8
5,1,8
6,92,8
7,56,8
8,109,8
0,16,15
1,25,15
2,10,15
3,44,15
4,327,15
5,24,15
6,56,15
7,124,15
8,65,15
9,105,15
0,191,2
1,32,2
2,60,2
3,48,2
5,91,2
6,170,2
7,11,2
8,121,2
9,73,2
0,163,18
1,56,18
2,18,18
3,4,18
4,14,18
5,19,18
6,298,18
7,1,18
8,159,18
9,64,18
0,5,10
1,30,10
2,18,10
4,20,10
5,305,10
6,255,10
7,8,10
8,2,10
9,153,10
0,258,12
2,16,12
3,29,12
4,120,12
5,6,12
6,2,12
7,31,12
8,59,12
9,275,12
0,6,19
1,516,19
2,9,19
3,14,19
6,153,19
7,8,19
8,90,19
0,107,8
1,148,8
2,49,8
3,42,8
4,52,8
5,239,8
6,38,8
7,14,8
9,108,8
0,2,6
1,11,6
3,41,6
4,1,6
5,108,6
6,306,6
7,16,6
8,54,6
9,258,6
0,35,15
1,228,15
2,151,15
3,9,15
4,128,15
6,58,15
7,136,15
9,51,15
0,107,2
1,238,2
2,8,2
3,280,2
4,62,2
5,26,2
6,4,2
7,26,2
8,4,2
9,41,2
0,56,4
2,120,4
3,109,4
5,56,4
6,81,4
7,118,4
8,193,4
9,62,4
1,48,14
3,69,14
4,440,14
5,4,14
6,21,14
7,68,14
8,13,14
9,132,14
0,78,5
1,242,5
2,42,5
3,4,5
4,8,5
5,88,5
6,28,5
7,8,5
8,272,5
9,28,5
0,282,7
2,67,7
3,3,7
4,4,7
5,104,7
6,140,7
7,64,7
8,48,7
9,85,7
0,156,16
2,38,16
4,10,16
5,208,16
6,29,16
7,68,16
8,245,16
9,41,16
0,140,11
1,32,11
2,12,11
3,81,11
4,137,11
5,48,11
6,38,11
7,84,11
8,38,11
9,186,11
0,392,0
1,60,0
2,4,0
3,124,0
4,24,0
5,55,0
6,21,0
7,4,0
8,65,0
9,47,0
0,85,17
1,150,17
2,18,17
3,4,17
5,377,17
6,64,17
7,79,17
8,4,17
9,16,17
0,13,9
2,48,9
3,345,9
4,97,9
5,185,9
6,56,9
7,5,9
8,25,9
9,20,9
0,48,1
2,1,1
3,47,1
5,451,1
6,39,1
7,57,1
8,134,1
9,20,1
0,4,13
1,191,13
2,1,13
3,268,13
5,137,13
6,48,13
7,9,13
9,137,13
0,3,3
1,145,3
2,58,3
3,8,3
4,88,3
5,94,3
6,44,3
7,154,3
8,36,3
9,167,3
0,30,14
1,12,14
2,16,14
3,286,14
4,13,14
5,41,14
6,358,14
7,5,14
9,35,14
0,307,16
1,70,16
2,36,16
3,23,16
4,11,16
5,13,16
7,76,16
8,172,16
9,89,16
0,11,13
2,3,13
3,339,13
4,24,13
5,37,13
6,185,13
7,105,13
8,60,13
9,32,13
0,47,4
1,30,4
2,4,4
3,52,4
4,147,4
5,16,4
6,332,4
7,108,4
9,60,4
0,16,5
1,10,5
2,52,5
3,3,5
5,8,5
6,22,5
7,253,5
8,12,5
9,420,5
0,36,8
1,112,8
2,72,8
3,155,8
4,12,8
5,16,8
6,136,8
7,89,8
8,167,8
9,1,8
0,12,15
1,141,15
2,10,15
3,177,15
4,118,15
5,53,15
6,125,15
7,8,15
8,85,15
9,66,15
0,53,7
1,4,7
2,200,7
3,56,7
4,264,7
5,20,7
6,3,7
7,27,7
8,120,7
9,51,7
0,216,0
1,180,0
2,88,0
3,141,0
4,59,0
6,8,0
7,7,0
8,32,0
9,65,0
0,129,17
1,56,17
2,28,17
4,160,17
5,143,17
6,15,17
7,7,17
8,205,17
9,52,17
0,184,18
1,25,18
2,32,18
3,102,18
4,68,18
5,85,18
6,148,18
7,40,18
8,50,18
9,60,18
0,300,11
1,23,11
3,12,11
4,56,11
5,60,11
6,4,11
7,42,11
8,268,11
9,30,11
1,39,2
2,324,2
3,96,2
4,3,2
5,88,2
6,35,2
8,212,2
0,16,3
1,477,3
2,21,3
3,4,3
4,19,3
6,6,3
7,7,3
8,230,3
9,16,3
0,56,1
1,46,1
3,301,1
4,92,1
5,2,1
6,148,1
8,135,1
9,16,1
0,14,19
1,109,19
2,123,19
3,207,19
4,48,19
5,48,19
6,21,19
7,108,19
9,119,19
0,92,10
1,122,10
2,212,10
3,101,10
4,40,10
5,33,10
6,21,10
7,95,10
8,21,10
9,59,10
0,68,6
1,1,6
2,126,6
3,3,6
4,115,6
5,7,6
6,8,6
7,91,6
8,47,6
9,332,6
0,3,9
1,73,9
2,64,9
3,40,9
4,73,9
5,244,9
6,33,9
7,7,9
8,31,9
9,228,9
0,154,12
1,20,12
2,134,12
3,5,12
4,7,12
5,217,12
7,10,12
8,173,12
9,76,12
0,126,16
1,111,16
2,8,16
3,11,16
4,44,16
5,240,16
6,56,16
7,21,16
8,152,16
9,26,16
0,57,7
1,3,7
2,88,7
3,29,7
4,4,7
5,186,7
6,3,7
7,39,7
8,207,7
9,180,7
0,4,5
1,41,5
3,431,5
4,33,5
5,1,5
6,232,5
7,12,5
8,37,5
9,4,5
0,28,18
1,6,18
3,20,18
4,20,18
5,229,18
6,250,18
8,106,18
9,137,18
0,12,6
1,42,6
2,4,6
3,84,6
5,29,6
6,125,6
7,155,6
8,256,6
9,89,6
0,4,4
1,4,4
2,229,4
3,291,4
5,2,4
6,76,4
7,38,4
8,126,4
9,25,4
1,578,12
3,9,12
4,20,12
5,155,12
6,24,12
7,3,12
8,7,12
0,45,1
1,7,1
2,4,1
3,108,1
4,278,1
5,225,1
6,12,1
7,24,1
8,90,1
9,4,1
0,100,15
1,2,15
2,5,15
3,161,15
4,3,15
5,319,15
6,47,15
7,59,15
8,22,15
9,78,15
0,72,3
1,193,3
2,88,3
3,46,3
4,44,3
6,217,3
7,104,3
8,26,3
9,5,3
0,16,8
1,274,8
2,78,8
3,224,8
4,25,8
5,26,8
6,16,8
8,97,8
9,39,8
0,109,10
1,8,10
2,148,10
3,90,10
4,231,10
5,12,10
6,20,10
7,128,10
8,39,10
9,11,10
0,75,14
1,105,14
2,156,14
3,15,14
4,4,14
5,72,14
6,116,14
7,18,14
8,216,14
9,19,14
0,71,9
1,336,9
2,2,9
3,17,9
4,245,9
6,85,9
7,5,9
8,22,9
9,13,9
0,80,17
1,148,17
2,85,17
3,140,17
4,2,17
6,147,17
7,141,17
8,25,17
9,27,17
0,24,19
1,216,19
2,88,19
3,8,19
4,30,19
5,239,19
6,70,19
7,34,19
8,64,19
9,24,19
0,11,13
1,130,13
2,45,13
3,214,13
4,179,13
5,95,13
6,11,13
7,94,13
9,17,13
0,7,11
1,4,11
2,40,11
4,65,11
5,339,11
6,20,11
7,264,11
9,56,11
0,93,2
1,131,2
2,44,2
3,241,2
5,49,2
6,81,2
7,133,2
9,24,2
0,110,0
1,32,0
2,1,0
3,93,0
4,312,0
5,124,0
6,44,0
7,15,0
9,66,0
0,11,3
1,66,3
2,52,3
3,203,3
4,38,3
6,121,3
7,188,3
8,32,3
9,85,3
1,98,13
2,70,13
3,50,13
4,314,13
5,106,13
6,106,13
8,45,13
9,7,13
0,28,7
2,152,7
3,24,7
4,144,7
5,232,7
6,21,7
7,191,7
9,4,7
0,152,4
1,171,4
2,9,4
3,80,4
4,22,4
5,222,4
7,4,4
8,99,4
9,37,4
0,160,14
1,1,14
2,60,14
3,8,14
4,73,14
5,92,14
6,2,14
7,63,14
8,260,14
9,77,14
0,317,11
1,214,11
3,50,11
4,3,11
5,33,11
6,24,11
7,92,11
8,9,11
9,54,11
0,21,12
1,364,12
3,68,12
4,1,12
5,336,12
9,7,12
0,131,17
2,37,17
3,8,17
4,203,17
5,237,17
6,52,17
7,95,17
8,26,17
9,8,17
0,1,10
1,197,10
2,300,10
3,27,10
4,117,10
7,2,10
8,20,10
9,132,10
0,192,16
2,2,16
3,49,16
4,33,16
5,344,16
6,36,16
7,114,16
9,25,16
0,32,5
1,57,5
2,244,5
3,23,5
5,36,5
6,92,5
7,94,5
8,44,5
9,175,5
0,94,8
1,135,8
2,4,8
3,27,8
4,53,8
5,127,8
6,130,8
8,48,8
9,178,8
0,8,1
1,12,1
2,96,1
4,180,1
5,7,1
6,15,1
7,423,1
8,56,1
0,104,6
1,3,6
2,204,6
3,79,6
4,36,6
5,1,6
6,247,6
7,16,6
8,31,6
9,76,6
0,72,9
2,14,9
3,16,9
4,54,9
5,234,9
6,207,9
7,23,9
8,152,9
9,24,9
0,188,18
1,35,18
2,185,18
3,288,18
4,18,18
5,9,18
6,28,18
7,6,18
9,40,18
0,208,15
1,6,15
2,302,15
3,125,15
4,21,15
5,47,15
7,31,15
8,40,15
9,16,15
0,173,0
2,15,0
3,17,0
4,2,0
5,541,0
8,5,0
9,42,0
0,1,2
1,9,2
2,409,2
3,115,2
4,19,2
5,44,2
6,134,2
7,26,2
8,38,2
0,18,19
1,205,19
2,56,19
3,54,19
5,2,19
6,48,19
7,6,19
8,225,19
9,181,19
0,29,14
1,47,14
2,334,14
3,17,14
4,6,14
5,244,14
6,7,14
7,98,14
9,13,14
0,220,5
1,2,5
2,238,5
3,252,5
4,15,5
5,46,5
7,20,5
8,3,5
9,1,5
0,63,9
1,10,9
2,147,9
3,176,9
4,22,9
5,43,9
6,26,9
7,12,9
8,252,9
9,47,9
0,68,19
1,34,19
2,4,19
3,224,19
4,10,19
5,14,19
6,116,19
7,18,19
8,270,19
9,40,19
0,91,8
1,25,8
2,109,8
3,3,8
5,175,8
6,7,8
7,2,8
8,98,8
9,286,8
0,2,18
1,29,18
2,128,18
3,53,18
4,78,18
5,275,18
6,56,18
7,163,18
8,12,18
3,72,16
5,41,16
6,72,16
7,327,16
8,45,16
9,240,16
0,162,12
1,128,12
3,26,12
5,1,12
6,108,12
7,18,12
8,258,12
9,95,12
0,178,15
1,45,15
2,113,15
3,75,15
4,238,15
5,17,15
6,21,15
7,20,15
8,65,15
9,24,15
0,26,4
2,20,4
3,217,4
4,8,4
5,71,4
7,76,4
8,164,4
9,216,4
0,24,0
1,109,0
2,51,0
3,104,0
4,345,0
5,53,0
6,14,0
7,51,0
8,32,0
9,12,0
0,5,1
1,39,1
2,12,1
3,478,1
4,147,1
5,12,1
6,17,1
7,69,1
8,18,1
0,244,13
1,7,13
2,6,13
3,163,13
4,41,13
5,92,13
8,87,13
9,156,13
0,98,2
1,41,2
2,110,2
4,262,2
5,60,2
6,10,2
7,108,2
8,76,2
9,32,2
0,11,17
1,80,17
2,71,17
3,101,17
4,6,17
5,101,17
6,8,17
7,204,17
8,35,17
9,179,17
0,16,11
1,24,11
2,287,11
4,43,11
5,265,11
6,84,11
7,31,11
8,20,11
9,27,11
0,1,7
1,400,7
2,5,7
3,36,7
4,108,7
5,19,7
6,129,7
7,20,7
8,44,7
9,35,7
0,34,10
1,8,10
2,118,10
3,192,10
4,16,10
5,71,10
7,262,10
8,79,10
9,16,10
0,476,6
1,63,6
4,44,6
5,24,6
6,134,6
7,23,6
8,1,6
9,32,6
0,44,3
1,173,3
2,164,3
3,82,3
4,58,3
5,207,3
7,40,3
8,21,3
9,6,3
0,56,17
1,51,17
2,188,17
3,17,17
4,100,17
6,1,17
7,27,17
8,9,17
9,347,17
0,12,15
1,13,15
2,111,15
3,211,15
4,53,15
5,270,15
6,68,15
7,32,15
9,25,15
0,200,0
1,26,0
3,125,0
4,21,0
5,7,0
6,186,0
7,139,0
9,93,0
0,18,8
1,3,8
2,147,8
3,34,8
4,121,8
5,67,8
6,115,8
7,242,8
8,20,8
9,29,8
0,9,10
1,4,10
2,36,10
3,8,10
4,218,10
5,101,10
6,80,10
7,18,10
8,236,10
9,86,10
0,239,12
1,82,12
2,12,12
3,116,12
4,65,12
5,24,12
6,5,12
7,9,12
8,230,12
9,12,12
1,147,14
3,338,14
4,153,14
5,14,14
7,29,14
8,6,14
9,109,14
0,62,19
1,54,19
2,16,19
3,112,19
4,152,19
5,16,19
6,5,19
7,15,19
8,344,19
9,22,19
0,113,4
1,44,4
2,16,4
3,140,4
4,25,4
6,20,4
8,368,4
9,71,4
0,6,11
1,134,11
2,116,11
3,3,11
4,16,11
5,139,11
6,63,11
7,223,11
8,86,11
9,10,11
0,156,13
1,169,13
3,1,13
6,61,13
8,400,13
9,10,13
0,206,6
2,29,6
3,82,6
5,168,6
7,7,6
8,117,6
9,188,6
0,110,2
1,15,2
2,79,2
3,356,2
4,21,2
5,12,2
6,142,2
7,19,2
8,37,2
9,5,2
0,9,1
1,104,1
2,88,1
3,149,1
4,156,1
5,230,1
7,2,1
8,54,1
9,4,1
0,56,18
1,118,18
2,168,18
4,11,18
5,8,18
6,149,18
7,108,18
8,178,18
0,8,3
1,40,3
2,33,3
3,34,3
4,169,3
5,98,3
6,224,3
7,28,3
8,27,3
9,134,3
0,137,7
2,14,7
3,17,7
4,49,7
5,13,7
6,98,7
7,229,7
8,10,7
9,228,7
0,193,16
1,60,16
3,49,16
4,27,16
5,172,16
6,9,16
7,128,16
8,159,16
0,16,5
1,300,5
2,226,5
3,135,5
4,2,5
5,43,5
6,34,5
7,1,5
8,40,5
0,122,9
1,180,9
3,49,9
4,12,9
5,32,9
6,4,9
7,201,9
9,196,9
0,18,7
1,126,7
2,128,7
3,92,7
4,8,7
5,34,7
6,254,7
8,41,7
9,96,7
0,40,2
1,76,2
2,16,2
3,24,2
4,61,2
5,140,2
6,95,2
7,266,2
8,58,2
9,20,2
0,32,11
1,24,11
2,133,11
3,104,11
4,20,11
5,26,11
6,176,11
7,197,11
8,5,11
9,80,11
0,45,19
2,310,19
3,331,19
4,37,19
5,20,19
6,17,19
7,1,19
8,24,19
9,11,19
0,52,4
1,13,4
3,63,4
4,159,4
5,12,4
6,149,4
7,217,4
8,83,4
9,48,4
1,112,5
2,20,5
3,162,5
4,24,5
5,71,5
6,112,5
7,143,5
8,147,5
9,4,5
0,14,12
1,116,12
2,119,12
3,101,12
4,73,12
6,209,12
7,29,12
8,95,12
9,40,12
0,4,1
1,306,1
2,200,1
3,2,1
4,66,1
5,161,1
7,10,1
9,47,1
0,149,9
1,32,9
2,319,9
3,4,9
4,63,9
5,104,9
6,8,9
7,1,9
8,2,9
9,112,9
0,4,17
1,1,17
2,89,17
3,2,17
4,11,17
5,10,17
6,351,17
7,20,17
8,3,17
9,306,17
0,165,14
1,241,14
2,5,14
3,119,14
4,32,14
5,3,14
6,17,14
7,78,14
8,58,14
9,77,14
0,25,15
1,24,15
2,200,15
3,31,15
4,1,15
5,23,15
6,61,15
7,51,15
8,318,15
9,61,15
1,212,16
2,178,16
4,51,16
5,204,16
6,52,16
7,7,16
8,93,16
0,232,13
1,62,13
2,103,13
3,76,13
5,124,13
6,50,13
7,17,13
9,132,13
0,135,8
1,1,8
2,272,8
3,3,8
4,85,8
5,4,8
6,112,8
7,98,8
8,76,8
9,9,8
0,44,6
1,524,6
3,46,6
4,3,6
5,20,6
6,4,6
7,24,6
8,123,6
9,8,6
0,62,18
1,48,18
2,436,18
3,24,18
4,32,18
5,12,18
6,6,18
7,17,18
8,12,18
9,147,18
0,4,3
1,29,3
2,46,3
3,304,3
4,27,3
5,20,3
7,124,3
9,243,3
0,10,0
1,159,0
2,29,0
3,57,0
5,23,0
6,350,0
7,28,0
8,4,0
9,136,0
1,132,10
2,177,10
3,331,10
4,47,10
5,12,10
6,43,10
7,47,10
8,8,10
