0,36,0
1,48,0
2,92,0
3,72,0
4,89,0
5,120,0
6,103,0
7,88,0
8,104,0
9,44,0
0,80,9
1,27,9
2,74,9
3,84,9
4,96,9
5,97,9
6,68,9
7,98,9
8,105,9
9,66,9
0,148,12
1,63,12
2,52,12
3,85,12
4,42,12
5,70,12
6,101,12
7,123,12
8,35,12
9,78,12
0,36,7
1,74,7
2,76,7
3,52,7
4,45,7
5,144,7
6,85,7
7,78,7
8,75,7
9,131,7
0,148,5
1,59,5
2,68,5
3,85,5
4,108,5
5,63,5
6,31,5
7,65,5
8,94,5
9,74,5
0,100,14
1,52,14
2,84,14
3,78,14
4,80,14
5,111,14
6,68,14
7,46,14
8,84,14
9,95,14
0,32,17
1,44,17
2,143,17
3,150,17
4,123,17
5,77,17
6,48,17
7,79,17
8,61,17
9,40,17
0,113,16
1,68,16
2,73,16
3,60,16
4,60,16
5,52,16
6,88,16
7,138,16
8,65,16
9,79,16
0,76,1
1,77,1
2,94,1
3,53,1
4,58,1
5,77,1
6,94,1
7,104,1
8,87,1
9,76,1
0,41,6
1,199,6
2,32,6
3,56,6
4,82,6
5,97,6
6,48,6
7,71,6
8,91,6
9,80,6
0,56,4
1,38,4
2,57,4
3,117,4
4,86,4
5,126,4
6,153,4
7,30,4
8,88,4
9,44,4
0,131,0
1,72,0
2,43,0
3,44,0
4,35,0
5,179,0
6,78,0
7,56,0
8,36,0
9,123,0
0,87,10
1,116,10
2,76,10
3,76,10
4,94,10
5,91,10
6,103,10
7,83,10
8,50,10
9,20,10
0,32,8
1,47,8
2,128,8
3,89,8
4,122,8
5,75,8
6,104,8
7,97,8
8,68,8
9,33,8
0,51,18
1,38,18
2,48,18
3,84,18
4,55,18
5,47,18
6,151,18
7,168,18
8,68,18
9,87,18
0,56,13
1,86,13
2,54,13
3,103,13
4,73,13
5,95,13
6,71,13
7,61,13
8,132,13
9,66,13
0,71,15
1,97,15
2,23,15
3,89,15
4,146,15
5,55,15
6,79,15
7,37,15
8,57,15
9,142,15
0,83,2
1,66,2
2,69,2
3,123,2
4,58,2
5,98,2
6,74,2
7,104,2
8,36,2
9,85,2
0,42,3
1,71,3
2,85,3
3,183,3
4,72,3
5,51,3
6,60,3
7,44,3
8,103,3
9,86,3
0,68,19
1,58,19
2,50,19
3,99,19
4,112,19
5,45,19
6,144,19
7,24,19
8,137,19
9,60,19
0,80,11
1,104,11
2,97,11
3,76,11
4,55,11
5,56,11
6,112,11
7,83,11
8,60,11
9,71,11
0,120,0
1,13,0
2,79,0
3,106,0
4,71,0
5,102,0
6,93,0
7,77,0
8,72,0
9,64,0
0,72,10
1,51,10
2,99,10
3,56,10
4,56,10
5,52,10
6,96,10
7,137,10
8,120,10
9,57,10
0,92,14
1,57,14
2,104,14
3,51,14
4,91,14
5,77,14
6,37,14
7,78,14
8,66,14
9,143,14
0,82,6
1,87,6
2,84,6
3,22,6
4,84,6
5,42,6
6,78,6
7,94,6
8,125,6
9,98,6
0,57,19
1,80,19
2,80,19
3,68,19
4,82,19
5,88,19
6,41,19
7,77,19
8,34,19
9,188,19
0,139,17
1,48,17
2,69,17
3,98,17
4,85,17
5,96,17
6,99,17
7,52,17
8,55,17
9,55,17
0,74,2
1,58,2
2,75,2
3,88,2
4,36,2
5,58,2
6,100,2
7,100,2
8,72,2
9,135,2
0,99,5
1,136,5
2,33,5
3,78,5
4,53,5
5,41,5
6,64,5
7,44,5
8,121,5
9,126,5
0,48,9
1,48,9
2,98,9
3,63,9
4,88,9
5,64,9
6,72,9
7,92,9
8,98,9
9,124,9
0,50,4
1,49,4
2,130,4
3,40,4
4,66,4
5,43,4
6,42,4
7,105,4
8,222,4
9,48,4
0,62,7
1,76,7
2,140,7
3,81,7
4,66,7
5,95,7
6,42,7
7,74,7
8,80,7
9,80,7
0,44,12
1,45,12
2,89,12
3,152,12
4,62,12
5,89,12
6,111,12
7,78,12
8,82,12
9,44,12
0,52,15
1,89,15
2,45,15
3,77,15
4,121,15
5,42,15
6,102,15
7,129,15
8,93,15
9,45,15
0,112,1
1,71,1
2,56,1
3,105,1
4,53,1
5,76,1
6,41,1
7,87,1
8,41,1
9,155,1
0,39,11
1,87,11
2,80,11
3,76,11
4,45,11
5,90,11
6,93,11
7,44,11
8,108,11
9,132,11
0,94,8
1,82,8
2,163,8
3,236,8
4,65,8
5,38,8
6,16,8
7,43,8
8,26,8
9,32,8
0,120,16
1,63,16
2,62,16
3,45,16
4,85,16
5,140,16
6,56,16
7,78,16
8,59,16
9,88,16
0,45,3
1,96,3
2,135,3
3,110,3
4,103,3
5,112,3
6,54,3
7,72,3
8,33,3
9,36,3
0,86,13
1,57,13
2,66,13
3,116,13
4,48,13
5,162,13
6,40,13
7,18,13
8,154,13
9,50,13
0,143,18
1,102,18
2,109,18
3,72,18
4,40,18
5,96,18
6,69,18
7,48,18
8,53,18
9,64,18
0,57,7
1,56,7
2,24,7
3,100,7
4,29,7
5,87,7
6,73,7
7,35,7
8,253,7
9,82,7
0,69,0
1,42,0
2,92,0
3,92,0
4,64,0
5,91,0
6,98,0
7,94,0
8,64,0
9,91,0
0,96,9
1,93,9
2,66,9
3,49,9
4,88,9
5,139,9
6,48,9
7,39,9
8,92,9
9,88,9
0,74,14
1,93,14
2,74,14
3,53,14
4,46,14
5,76,14
6,64,14
7,36,14
8,194,14
9,85,14
0,56,3
1,76,3
2,104,3
3,120,3
4,41,3
5,155,3
6,24,3
7,90,3
8,46,3
9,84,3
0,71,18
1,116,18
2,31,18
3,80,18
4,108,18
5,128,18
6,77,18
7,82,18
8,67,18
9,36,18
0,95,16
1,36,16
2,53,16
3,71,16
4,158,16
5,86,16
6,96,16
7,71,16
8,48,16
9,83,16
0,155,11
1,63,11
2,92,11
3,69,11
4,64,11
5,170,11
6,29,11
7,47,11
8,60,11
9,47,11
0,274,2
1,44,2
2,84,2
3,94,2
4,38,2
5,76,2
6,85,2
7,20,2
8,36,2
9,44,2
0,104,1
1,77,1
2,67,1
3,115,1
4,52,1
5,40,1
6,90,1
7,78,1
8,76,1
9,96,1
0,87,19
1,87,19
2,67,19
3,108,19
4,54,19
5,84,19
6,79,19
7,124,19
8,40,19
9,67,19
0,78,4
1,104,4
2,79,4
3,96,4
4,72,4
5,95,4
6,125,4
7,65,4
8,50,4
9,32,4
0,77,6
1,29,6
2,152,6
3,83,6
4,79,6
5,35,6
6,128,6
7,71,6
8,101,6
9,41,6
0,232,13
1,16,13
2,66,13
3,44,13
4,140,13
5,32,13
6,119,13
7,48,13
8,59,13
9,40,13
0,60,12
1,76,12
2,87,12
3,38,12
4,74,12
5,136,12
6,64,12
7,83,12
8,97,12
9,82,12
0,68,8
1,100,8
2,123,8
3,55,8
4,63,8
5,113,8
6,86,8
7,47,8
8,59,8
9,84,8
0,64,15
1,104,15
2,91,15
3,55,15
4,99,15
5,70,15
6,99,15
7,53,15
8,99,15
9,63,15
0,101,5
1,66,5
2,74,5
3,52,5
4,46,5
5,116,5
6,86,5
7,67,5
8,130,5
9,59,5
0,70,17
1,55,17
2,84,17
3,109,17
4,123,17
5,112,17
6,70,17
7,52,17
8,71,17
9,51,17
0,89,10
1,103,10
2,87,10
3,105,10
4,74,10
5,48,10
6,59,10
7,65,10
8,130,10
9,36,10
0,56,0
1,64,0
2,79,0
3,90,0
4,100,0
5,79,0
6,69,0
7,117,0
8,48,0
9,92,0
0,53,4
1,90,4
2,46,4
3,161,4
4,61,4
5,143,4
6,55,4
7,58,4
8,62,4
9,67,4
0,100,11
1,49,11
2,72,11
3,118,11
4,122,11
5,44,11
6,78,11
7,80,11
8,79,11
9,55,11
0,74,6
1,74,6
2,68,6
3,72,6
4,90,6
5,66,6
6,49,6
7,98,6
8,54,6
9,151,6
0,56,16
1,109,16
2,68,16
3,122,16
4,64,16
5,45,16
6,118,16
7,24,16
8,70,16
9,120,16
0,46,17
1,8,17
2,47,17
3,132,17
4,118,17
5,82,17
6,122,17
7,56,17
8,112,17
9,74,17
0,42,15
1,72,15
2,105,15
3,52,15
4,41,15
5,68,15
6,91,15
7,88,15
8,84,15
9,152,15
0,69,1
1,124,1
2,113,1
3,40,1
4,88,1
5,80,1
6,65,1
7,83,1
8,53,1
9,81,1
0,57,9
1,140,9
2,70,9
3,102,9
4,28,9
5,61,9
6,74,9
7,87,9
8,68,9
9,108,9
0,82,8
1,47,8
2,143,8
3,41,8
4,152,8
5,66,8
6,78,8
7,35,8
8,50,8
9,102,8
0,103,3
1,60,3
2,76,3
3,87,3
4,96,3
5,50,3
6,124,3
7,48,3
8,68,3
9,84,3
0,81,18
1,120,18
2,146,18
3,59,18
4,49,18
5,56,18
6,80,18
7,44,18
8,76,18
9,84,18
0,59,7
1,89,7
2,88,7
3,87,7
4,59,7
5,89,7
6,102,7
7,88,7
8,76,7
9,60,7
0,88,10
1,67,10
2,104,10
3,72,10
4,52,10
5,104,10
6,64,10
7,113,10
8,72,10
9,58,10
0,53,14
1,93,14
2,132,14
3,65,14
4,43,14
5,61,14
6,110,14
7,87,14
8,81,14
9,71,14
0,92,5
1,66,5
2,115,5
3,100,5
4,54,5
5,32,5
6,51,5
7,83,5
8,112,5
9,92,5
0,131,19
1,26,19
2,154,19
3,51,19
4,91,19
5,68,19
6,77,19
7,80,19
8,12,19
9,106,19
0,89,13
1,65,13
2,81,13
3,32,13
4,176,13
5,52,13
6,48,13
7,56,13
8,118,13
9,80,13
0,121,12
1,84,12
2,135,12
3,42,12
4,134,12
5,30,12
6,70,12
7,65,12
8,44,12
9,71,12
0,44,2
1,66,2
2,114,2
3,64,2
4,73,2
5,70,2
6,93,2
7,91,2
8,62,2
9,119,2
0,62,16
1,103,16
2,80,16
3,128,16
4,105,16
5,61,16
6,41,16
7,49,16
8,76,16
9,90,16
0,52,15
1,87,15
2,124,15
3,45,15
4,133,15
5,63,15
6,32,15
7,88,15
8,115,15
9,57,15
0,104,9
1,77,9
2,59,9
3,72,9
4,84,9
5,104,9
6,83,9
7,77,9
8,88,9
9,47,9
0,47,19
1,136,19
2,48,19
3,97,19
4,108,19
5,106,19
6,81,19
7,59,19
8,77,19
9,37,19
0,24,18
1,122,18
2,118,18
3,119,18
4,68,18
5,60,18
6,116,18
7,58,18
8,28,18
9,81,18
0,117,2
1,40,2
2,40,2
3,132,2
4,61,2
5,64,2
6,111,2
7,48,2
8,97,2
9,85,2
0,116,17
1,110,17
2,56,17
3,59,17
4,140,17
5,80,17
6,51,17
7,71,17
8,12,17
9,101,17
0,18,7
1,76,7
2,114,7
3,60,7
4,74,7
5,62,7
6,69,7
7,112,7
8,117,7
9,95,7
0,84,5
1,113,5
2,104,5
3,69,5
4,64,5
5,51,5
6,88,5
7,96,5
8,32,5
9,93,5
0,41,0
1,36,0
2,48,0
3,94,0
4,104,0
5,95,0
6,144,0
7,112,0
8,45,0
9,77,0
0,46,14
1,84,14
2,65,14
3,143,14
4,82,14
5,113,14
6,46,14
7,120,14
8,31,14
9,66,14
0,76,3
1,60,3
2,76,3
3,32,3
4,89,3
5,141,3
6,82,3
7,64,3
8,44,3
9,132,3
0,80,8
1,48,8
2,80,8
3,27,8
4,84,8
5,68,8
6,54,8
7,102,8
8,151,8
9,103,8
0,137,13
1,52,13
2,100,13
3,84,13
4,57,13
5,128,13
6,45,13
7,60,13
8,76,13
9,56,13
0,82,12
1,125,12
2,31,12
3,52,12
4,87,12
5,135,12
6,54,12
7,104,12
8,55,12
9,71,12
0,54,10
1,64,10
2,64,10
3,46,10
4,117,10
5,72,10
6,72,10
7,127,10
8,112,10
9,68,10
0,48,11
1,87,11
2,30,11
3,92,11
4,68,11
5,72,11
6,144,11
7,71,11
8,102,11
9,84,11
0,94,6
1,49,6
2,80,6
3,75,6
4,71,6
5,63,6
6,80,6
7,62,6
8,97,6
9,125,6
0,57,1
1,54,1
2,136,1
3,49,1
4,108,1
5,79,1
6,128,1
7,92,1
8,36,1
9,56,1
0,84,4
1,79,4
2,45,4
3,101,4
4,70,4
5,91,4
6,76,4
7,89,4
8,89,4
9,71,4
0,85,15
1,28,15
2,33,15
3,44,15
4,128,15
5,74,15
6,66,15
7,113,15
8,97,15
9,127,15
0,77,2
1,115,2
2,112,2
3,97,2
4,51,2
5,56,2
6,44,2
7,28,2
8,105,2
9,111,2
0,94,5
1,75,5
2,43,5
3,56,5
4,84,5
5,68,5
6,125,5
7,109,5
8,72,5
9,72,5
0,114,7
1,88,7
2,163,7
3,37,7
4,41,7
5,37,7
6,74,7
7,74,7
8,89,7
9,78,7
0,78,17
1,60,17
2,95,17
3,104,17
4,56,17
5,98,17
6,61,17
7,176,17
8,31,17
9,36,17
0,139,11
1,86,11
2,37,11
3,25,11
4,56,11
5,149,11
6,75,11
7,65,11
8,72,11
9,91,11
0,115,18
1,164,18
2,52,18
3,66,18
4,24,18
5,118,18
6,62,18
7,98,18
8,52,18
9,44,18
0,83,13
1,78,13
2,33,13
3,95,13
4,112,13
5,65,13
6,33,13
7,146,13
8,120,13
9,31,13
0,51,10
1,153,10
2,30,10
3,68,10
4,90,10
5,128,10
6,48,10
7,68,10
8,92,10
9,70,10
0,60,3
1,39,3
2,140,3
3,60,3
4,90,3
5,57,3
6,48,3
7,94,3
8,129,3
9,79,3
0,57,14
1,43,14
2,136,14
3,80,14
4,84,14
5,92,14
6,132,14
7,36,14
8,68,14
9,69,14
0,54,4
1,72,4
2,72,4
3,41,4
4,122,4
5,36,4
6,173,4
7,75,4
8,89,4
9,62,4
0,131,19
1,69,19
2,26,19
3,137,19
4,57,19
5,90,19
6,89,19
7,37,19
8,81,19
9,78,19
0,53,16
1,91,16
2,72,16
3,43,16
4,44,16
5,123,16
6,31,16
7,73,16
8,208,16
9,58,16
0,124,6
1,20,6
2,60,6
3,34,6
4,66,6
5,200,6
6,43,6
7,112,6
8,96,6
9,40,6
0,139,9
1,75,9
2,79,9
3,136,9
4,33,9
5,51,9
6,52,9
7,62,9
8,86,9
9,83,9
0,129,1
1,120,1
2,75,1
3,57,1
4,44,1
5,52,1
6,52,1
7,65,1
8,100,1
9,102,1
0,108,12
1,94,12
2,38,12
3,66,12
4,99,12
5,75,12
6,128,12
7,83,12
8,28,12
9,78,12
0,46,8
1,146,8
2,57,8
3,72,8
4,148,8
5,64,8
6,53,8
7,64,8
8,65,8
9,80,8
0,90,0
1,52,0
2,80,0
3,74,0
4,141,0
5,63,0
6,63,0
7,73,0
8,73,0
9,87,0
0,55,6
1,107,6
2,59,6
3,53,6
4,67,6
5,56,6
6,123,6
7,99,6
8,64,6
9,114,6
0,63,17
1,96,17
2,73,17
3,85,17
4,66,17
5,47,17
6,150,17
7,115,17
8,34,17
9,67,17
0,102,7
1,84,7
2,76,7
3,37,7
4,124,7
5,92,7
6,50,7
7,72,7
8,98,7
9,61,7
0,36,13
1,53,13
2,98,13
3,84,13
4,84,13
5,135,13
6,65,13
7,58,13
8,78,13
9,106,13
0,99,5
1,160,5
2,50,5
3,75,5
4,59,5
5,39,5
6,62,5
7,91,5
8,98,5
9,64,5
0,114,2
1,73,2
2,84,2
3,5,2
4,113,2
5,87,2
6,83,2
7,98,2
8,86,2
9,53,2
0,51,12
1,132,12
2,131,12
3,102,12
4,64,12
5,72,12
6,21,12
7,100,12
8,63,12
9,60,12
0,135,16
1,72,16
2,113,16
3,28,16
4,49,16
5,114,16
6,52,16
7,102,16
8,52,16
9,79,16
0,57,10
1,94,10
2,60,10
3,102,10
4,136,10
5,76,10
6,68,10
7,39,10
8,65,10
9,99,10
0,120,0
1,108,0
2,30,0
3,101,0
4,96,0
5,98,0
6,27,0
7,71,0
8,51,0
9,95,0
0,66,14
1,148,14
2,64,14
3,67,14
4,128,14
5,23,14
6,36,14
7,63,14
8,75,14
9,126,14
0,100,4
1,77,4
2,104,4
3,56,4
4,144,4
5,75,4
6,38,4
7,88,4
8,53,4
9,60,4
0,67,15
1,154,15
2,53,15
3,30,15
4,97,15
5,89,15
6,45,15
7,97,15
8,32,15
9,131,15
0,38,11
1,72,11
2,72,11
3,72,11
4,103,11
5,79,11
6,67,11
7,77,11
8,88,11
9,128,11
0,71,1
1,139,1
2,91,1
3,112,1
4,32,1
5,44,1
6,87,1
7,93,1
8,52,1
9,76,1
0,66,8
1,67,8
2,64,8
3,126,8
4,36,8
5,119,8
6,136,8
7,50,8
8,40,8
9,92,8
0,130,18
1,47,18
2,139,18
3,43,18
4,108,18
5,76,18
6,77,18
7,44,18
8,59,18
9,73,18
0,56,3
1,155,3
2,17,3
3,52,3
4,24,3
5,101,3
6,124,3
7,64,3
8,80,3
9,122,3
0,55,9
1,57,9
2,84,9
3,61,9
4,78,9
5,89,9
6,75,9
7,60,9
8,98,9
9,140,9
0,79,19
1,44,19
2,50,19
3,60,19
4,84,19
5,31,19
6,154,19
7,83,19
8,116,19
9,94,19
0,107,4
1,92,4
2,89,4
3,65,4
4,80,4
5,83,4
6,18,4
7,132,4
8,85,4
9,46,4
0,115,14
1,105,14
2,28,14
3,139,14
4,64,14
5,134,14
6,60,14
7,64,14
8,36,14
9,52,14
0,72,0
1,106,0
2,58,0
3,128,0
4,63,0
5,181,0
6,51,0
7,82,0
8,17,0
9,37,0
0,50,18
1,63,18
2,40,18
3,161,18
4,120,18
5,96,18
6,56,18
7,62,18
8,66,18
9,82,18
0,74,6
1,119,6
2,79,6
3,34,6
4,39,6
5,118,6
6,48,6
7,136,6
8,83,6
9,66,6
0,121,9
1,81,9
2,108,9
3,81,9
4,36,9
5,77,9
6,65,9
7,64,9
8,73,9
9,88,9
0,85,15
1,92,15
2,36,15
3,128,15
4,36,15
5,122,15
6,135,15
7,60,15
8,60,15
9,40,15
0,72,11
1,76,11
2,111,11
3,124,11
4,24,11
5,56,11
6,101,11
7,67,11
8,126,11
9,40,11
0,114,10
1,44,10
2,32,10
3,139,10
4,62,10
5,85,10
6,68,10
7,111,10
8,50,10
9,92,10
0,97,3
1,56,3
2,62,3
3,63,3
4,139,3
5,61,3
6,65,3
7,29,3
8,159,3
9,65,3
0,70,17
1,45,17
2,86,17
3,37,17
4,29,17
5,30,17
6,33,17
7,200,17
8,88,17
9,177,17
0,46,19
1,75,19
2,162,19
3,141,19
4,52,19
5,52,19
6,77,19
7,39,19
8,78,19
9,75,19
0,46,1
1,96,1
2,65,1
3,65,1
4,92,1
5,83,1
6,66,1
7,80,1
8,65,1
9,138,1
0,47,5
1,74,5
2,146,5
3,41,5
4,84,5
5,83,5
6,70,5
7,116,5
8,65,5
9,71,5
0,60,8
1,88,8
2,68,8
3,99,8
4,50,8
5,44,8
6,88,8
7,122,8
8,100,8
9,77,8
0,48,2
1,41,2
2,76,2
3,150,2
4,84,2
5,72,2
6,136,2
7,53,2
8,107,2
9,28,2
0,120,7
1,77,7
2,72,7
3,50,7
4,47,7
5,57,7
6,93,7
7,126,7
8,88,7
9,66,7
0,44,13
1,85,13
2,85,13
3,63,13
4,138,13
5,78,13
6,47,13
7,64,13
8,94,13
9,97,13
0,117,12
1,172,12
2,67,12
3,73,12
4,53,12
5,47,12
6,88,12
7,99,12
8,47,12
9,32,12
0,137,16
1,58,16
2,54,16
3,112,16
4,139,16
5,25,16
6,63,16
7,52,16
8,116,16
9,40,16
0,77,12
1,126,12
2,74,12
3,48,12
4,73,12
5,44,12
6,129,12
7,153,12
8,17,12
9,53,12
0,64,7
1,161,7
2,82,7
3,68,7
4,61,7
5,28,7
6,98,7
7,100,7
8,72,7
9,63,7
0,75,5
1,70,5
2,73,5
3,96,5
4,54,5
5,115,5
6,58,5
7,59,5
8,142,5
9,55,5
0,19,19
1,62,19
2,64,19
3,82,19
4,133,19
5,74,19
6,71,19
7,73,19
8,94,19
9,124,19
0,73,9
1,58,9
2,111,9
3,32,9
4,58,9
5,73,9
6,100,9
7,92,9
8,88,9
9,111,9
0,56,13
1,115,13
2,68,13
3,76,13
4,124,13
5,89,13
6,62,13
7,84,13
8,46,13
9,76,13
0,93,4
1,55,4
2,103,4
3,93,4
4,38,4
5,205,4
6,76,4
7,63,4
8,21,4
9,49,4
0,37,11
1,38,11
2,75,11
3,94,11
4,28,11
5,196,11
6,126,11
7,77,11
8,84,11
9,41,11
0,23,10
1,48,10
2,40,10
3,79,10
4,90,10
5,92,10
6,151,10
7,54,10
8,78,10
9,140,10
0,86,14
1,73,14
2,69,14
3,60,14
4,61,14
5,80,14
6,49,14
7,147,14
8,58,14
9,112,14
0,44,0
1,54,0
2,28,0
3,120,0
4,83,0
5,40,0
6,58,0
7,130,0
8,108,0
9,132,0
0,132,18
1,107,18
2,69,18
3,62,18
4,116,18
5,44,18
6,76,18
7,50,18
8,63,18
9,76,18
0,100,17
1,20,17
2,109,17
3,82,17
4,120,17
5,150,17
6,28,17
7,73,17
8,69,17
9,44,17
0,144,6
1,72,6
2,80,6
3,8,6
4,173,6
5,111,6
6,73,6
7,60,6
8,24,6
9,51,6
0,88,16
1,64,16
2,44,16
3,32,16
4,112,16
5,91,16
6,53,16
7,119,16
8,105,16
9,87,16
0,148,2
1,120,2
2,49,2
3,66,2
4,58,2
5,63,2
6,122,2
7,48,2
8,55,2
9,67,2
0,56,1
1,96,1
2,32,1
3,63,1
4,74,1
5,112,1
6,83,1
7,107,1
8,106,1
9,68,1
0,90,3
1,148,3
2,64,3
3,89,3
4,44,3
5,43,3
6,85,3
7,56,3
8,50,3
9,125,3
0,84,8
1,84,8
2,110,8
3,57,8
4,78,8
5,83,8
6,29,8
7,64,8
8,96,8
9,112,8
0,107,15
1,113,15
2,29,15
3,132,15
4,86,15
5,95,15
6,69,15
7,54,15
8,49,15
9,61,15
0,141,5
1,66,5
2,153,5
3,65,5
4,48,5
5,58,5
6,64,5
7,33,5
8,103,5
9,65,5
0,114,11
1,98,11
2,88,11
3,21,11
4,135,11
5,98,11
6,71,11
7,103,11
8,36,11
9,32,11
0,49,1
1,115,1
2,90,1
3,88,1
4,29,1
5,107,1
6,73,1
7,74,1
8,93,1
9,77,1
0,55,7
1,67,7
2,72,7
3,147,7
4,104,7
5,80,7
6,89,7
7,96,7
8,49,7
9,36,7
0,85,10
1,60,10
2,76,10
3,43,10
4,66,10
5,115,10
6,102,10
7,100,10
8,84,10
9,66,10
0,57,0
1,58,0
2,62,0
3,148,0
4,88,0
5,58,0
6,83,0
7,121,0
8,40,0
9,80,0
0,127,8
1,80,8
2,81,8
3,115,8
4,36,8
5,53,8
6,71,8
7,45,8
8,107,8
9,82,8
0,16,3
1,56,3
2,86,3
3,52,3
4,153,3
5,133,3
6,83,3
7,60,3
8,59,3
9,97,3
0,52,14
1,106,14
2,77,14
3,72,14
4,71,14
5,49,14
6,133,14
7,136,14
8,45,14
9,55,14
0,79,6
1,112,6
2,122,6
3,86,6
4,47,6
5,132,6
6,46,6
7,75,6
8,64,6
9,35,6
0,78,17
1,75,17
2,95,17
3,176,17
4,83,17
5,68,17
6,64,17
7,70,17
8,47,17
9,41,17
0,115,13
1,36,13
2,96,13
3,146,13
4,72,13
5,33,13
6,40,13
7,58,13
8,130,13
9,71,13
0,212,2
1,56,2
2,59,2
3,92,2
4,76,2
5,59,2
6,82,2
7,60,2
8,56,2
9,45,2
0,58,9
1,80,9
2,98,9
3,24,9
4,54,9
5,95,9
6,84,9
7,107,9
8,92,9
9,105,9
0,77,16
1,65,16
2,55,16
3,74,16
4,64,16
5,81,16
6,156,16
7,30,16
8,56,16
9,137,16
0,80,4
1,23,4
2,79,4
3,78,4
4,186,4
5,90,4
6,48,4
7,110,4
8,56,4
9,46,4
0,56,12
1,104,12
2,33,12
3,61,12
4,24,12
5,155,12
6,90,12
7,120,12
8,29,12
9,122,12
0,104,19
1,36,19
2,80,19
3,49,19
4,84,19
5,70,19
6,163,19
7,90,19
8,58,19
9,60,19
0,93,18
1,85,18
2,66,18
3,94,18
4,53,18
5,86,18
6,53,18
7,70,18
8,88,18
9,107,18
0,65,15
1,69,15
2,40,15
3,65,15
4,77,15
5,62,15
6,243,15
7,72,15
8,28,15
9,75,15
0,103,10
1,133,10
2,40,10
3,37,10
4,56,10
5,36,10
6,120,10
7,69,10
8,59,10
9,143,10
0,52,4
1,120,4
2,36,4
3,85,4
4,68,4
5,142,4
6,96,4
7,53,4
8,72,4
9,72,4
0,109,13
1,149,13
2,87,13
3,92,13
4,74,13
5,67,13
6,77,13
7,77,13
8,33,13
9,30,13
0,84,16
1,67,16
2,101,16
3,58,16
4,60,16
5,97,16
6,64,16
7,99,16
8,73,16
9,93,16
0,138,12
1,47,12
2,90,12
3,68,12
4,79,12
5,104,12
6,82,12
7,59,12
8,72,12
9,58,12
0,132,11
1,50,11
2,84,11
3,72,11
4,48,11
5,98,11
6,60,11
7,28,11
8,137,11
9,88,11
0,66,0
1,36,0
2,148,0
3,67,0
4,76,0
5,55,0
6,80,0
7,144,0
8,72,0
9,50,0
0,96,2
1,64,2
2,124,2
3,41,2
4,35,2
5,57,2
6,32,2
7,122,2
8,92,2
9,132,2
0,56,1
1,124,1
2,27,1
3,81,1
4,84,1
5,124,1
6,42,1
7,84,1
8,120,1
9,55,1
0,108,7
1,31,7
2,73,7
3,131,7
4,65,7
5,87,7
6,85,7
7,88,7
8,46,7
9,82,7
0,40,18
1,72,18
2,133,18
3,89,18
4,52,18
5,92,18
6,20,18
7,108,18
8,62,18
9,126,18
0,112,14
1,133,14
2,108,14
3,77,14
4,52,14
5,51,14
6,54,14
7,86,14
8,72,14
9,50,14
0,95,5
1,57,5
2,120,5
3,30,5
4,128,5
5,102,5
6,44,5
7,86,5
8,81,5
9,52,5
0,40,15
1,136,15
2,31,15
3,97,15
4,77,15
5,56,15
6,48,15
7,198,15
8,58,15
9,55,15
0,70,8
1,25,8
2,100,8
3,180,8
4,48,8
5,86,8
6,107,8
7,44,8
8,72,8
9,64,8
0,22,17
1,86,17
2,151,17
3,81,17
4,104,17
5,67,17
6,81,17
7,74,17
8,76,17
9,53,17
0,63,19
1,95,19
2,92,19
3,145,19
4,52,19
5,55,19
6,74,19
7,84,19
8,91,19
9,44,19
0,60,9
1,59,9
2,75,9
3,34,9
4,163,9
5,56,9
6,91,9
7,100,9
8,73,9
9,85,9
0,21,3
1,119,3
2,64,3
3,59,3
4,44,3
5,126,3
6,64,3
7,52,3
8,184,3
9,64,3
0,48,6
1,36,6
2,68,6
3,129,6
4,78,6
5,115,6
6,109,6
7,40,6
8,48,6
9,124,6
0,68,1
1,34,1
2,80,1
3,105,1
4,72,1
5,59,1
6,79,1
7,78,1
8,104,1
9,117,1
0,49,15
1,77,15
2,83,15
3,90,15
4,84,15
5,104,15
6,58,15
7,144,15
8,40,15
9,67,15
0,94,16
1,23,16
2,124,16
3,112,16
4,149,16
5,48,16
6,52,16
7,48,16
8,49,16
9,96,16
0,30,9
1,72,9
2,86,9
3,120,9
4,42,9
5,74,9
6,137,9
7,58,9
8,48,9
9,128,9
0,107,14
1,44,14
2,44,14
3,48,14
4,144,14
5,28,14
6,79,14
7,95,14
8,136,14
9,71,14
0,112,11
1,84,11
2,47,11
3,52,11
4,98,11
5,73,11
6,121,11
7,40,11
8,134,11
9,34,11
0,32,2
1,108,2
2,135,2
3,80,2
4,25,2
5,80,2
6,85,2
7,57,2
8,116,2
9,77,2
0,67,18
1,47,18
2,128,18
3,83,18
4,114,18
5,59,18
6,36,18
7,117,18
8,59,18
9,86,18
0,103,5
1,43,5
2,63,5
3,104,5
4,90,5
5,48,5
6,51,5
7,63,5
8,125,5
9,106,5
0,172,7
1,99,7
2,47,7
3,62,7
4,39,7
5,29,7
6,40,7
7,137,7
8,75,7
9,96,7
0,123,13
1,56,13
2,100,13
3,94,13
4,76,13
5,132,13
6,87,13
7,48,13
8,43,13
9,36,13
0,80,0
1,46,0
2,74,0
3,88,0
4,84,0
5,39,0
6,74,0
7,112,0
8,92,0
9,108,0
0,53,8
1,110,8
2,105,8
3,47,8
4,109,8
5,58,8
6,68,8
7,104,8
8,84,8
9,58,8
0,18,3
1,72,3
2,140,3
3,48,3
4,121,3
5,48,3
6,97,3
7,100,3
8,82,3
9,69,3
0,71,6
1,91,6
2,116,6
3,173,6
4,64,6
5,92,6
6,53,6
7,50,6
8,16,6
9,70,6
0,24,4
1,125,4
2,53,4
3,69,4
4,62,4
5,76,4
6,84,4
7,112,4
8,105,4
9,84,4
0,84,10
1,33,10
2,164,10
3,196,10
4,84,10
5,31,10
6,52,10
7,51,10
8,64,10
9,39,10
0,114,19
1,100,19
2,85,19
3,42,19
4,93,19
5,96,19
6,60,19
7,44,19
8,68,19
9,94,19
0,58,17
1,88,17
2,44,17
3,140,17
4,104,17
5,20,17
6,101,17
7,60,17
8,66,17
9,114,17
0,52,12
1,72,12
2,88,12
3,104,12
4,84,12
5,88,12
6,81,12
7,48,12
8,136,12
9,44,12
0,43,14
1,25,14
2,97,14
3,31,14
4,104,14
5,88,14
6,120,14
7,43,14
8,88,14
9,157,14
0,132,6
1,86,6
2,92,6
3,20,6
4,53,6
5,86,6
6,88,6
7,26,6
8,120,6
9,92,6
0,105,1
1,61,1
2,74,1
3,36,1
4,109,1
5,80,1
6,28,1
7,111,1
8,117,1
9,75,1
0,58,5
1,120,5
2,80,5
3,105,5
4,82,5
5,58,5
6,45,5
7,100,5
8,31,5
9,118,5
0,56,17
1,94,17
2,148,17
3,64,17
4,104,17
5,65,17
6,91,17
7,57,17
8,36,17
9,82,17
0,68,3
1,99,3
2,78,3
3,118,3
4,142,3
5,44,3
6,52,3
7,25,3
8,102,3
9,68,3
0,63,2
1,88,2
2,37,2
3,73,2
4,148,2
5,102,2
6,76,2
7,91,2
8,60,2
9,57,2
0,104,18
1,75,18
2,46,18
3,79,18
4,40,18
5,68,18
6,84,18
7,112,18
8,120,18
9,68,18
0,123,15
1,116,15
2,72,15
3,84,15
4,75,15
5,66,15
6,56,15
7,81,15
8,84,15
9,40,15
0,24,8
1,47,8
2,118,8
3,90,8
4,91,8
5,72,8
6,74,8
7,110,8
8,66,8
9,104,8
0,84,4
1,61,4
2,112,4
3,42,4
4,60,4
5,101,4
6,92,4
7,22,4
8,67,4
9,155,4
0,68,13
1,124,13
2,37,13
3,67,13
4,95,13
5,39,13
6,56,13
7,90,13
8,145,13
9,75,13
0,211,19
1,105,19
2,104,19
3,48,19
4,57,19
5,61,19
6,91,19
7,48,19
8,29,19
9,42,19
0,47,9
1,53,9
2,149,9
3,88,9
4,73,9
5,77,9
6,87,9
7,114,9
8,58,9
9,50,9
0,37,11
1,84,11
2,43,11
3,134,11
4,45,11
5,60,11
6,181,11
7,72,11
8,75,11
9,66,11
0,83,12
1,112,12
2,48,12
3,56,12
4,71,12
5,96,12
6,74,12
7,64,12
8,125,12
9,67,12
0,56,7
1,142,7
2,90,7
3,65,7
4,62,7
5,64,7
6,72,7
7,132,7
8,74,7
9,39,7
0,127,10
1,69,10
2,103,10
3,40,10
4,110,10
5,80,10
6,67,10
7,56,10
8,48,10
9,95,10
0,33,16
1,82,16
2,72,16
3,23,16
4,125,16
5,89,16
6,112,16
7,76,16
8,77,16
9,108,16
0,45,0
1,63,0
2,108,0
3,82,0
4,109,0
5,71,0
6,116,0
7,86,0
8,68,0
9,48,0
0,43,18
1,80,18
2,93,18
3,87,18
4,129,18
5,93,18
6,35,18
7,56,18
8,117,18
9,63,18
0,53,17
1,62,17
2,57,17
3,43,17
4,80,17
5,61,17
6,133,17
7,48,17
8,134,17
9,124,17
0,17,7
1,102,7
2,105,7
3,112,7
4,29,7
5,54,7
6,96,7
7,92,7
8,67,7
9,120,7
0,88,19
1,62,19
2,120,19
3,47,19
4,129,19
5,136,19
6,25,19
7,32,19
8,110,19
9,48,19
0,76,1
1,121,1
2,84,1
3,28,1
4,41,1
5,47,1
6,108,1
7,97,1
8,81,1
9,113,1
0,72,11
1,35,11
2,20,11
3,87,11
4,56,11
5,72,11
6,141,11
7,96,11
8,185,11
9,32,11
0,45,2
1,81,2
2,49,2
3,84,2
4,78,2
5,88,2
6,122,2
7,49,2
8,68,2
9,132,2
0,13,15
1,78,15
2,60,15
3,101,15
4,64,15
5,88,15
6,95,15
7,86,15
8,104,15
9,106,15
0,65,6
1,84,6
2,94,6
3,96,6
4,82,6
5,114,6
6,60,6
7,92,6
8,64,6
9,46,6
0,143,14
1,103,14
2,61,14
3,98,14
4,97,14
5,34,14
6,58,14
7,50,14
8,64,14
9,88,14
0,111,9
1,37,9
2,110,9
3,130,9
4,88,9
5,64,9
6,42,9
7,70,9
8,56,9
9,88,9
0,46,13
1,136,13
2,31,13
3,105,13
4,124,13
5,103,13
6,48,13
7,102,13
8,79,13
9,22,13
0,94,12
1,112,12
2,96,12
3,48,12
4,99,12
5,68,12
6,84,12
7,54,12
8,77,12
9,63,12
0,80,8
1,95,8
2,67,8
3,84,8
4,94,8
5,120,8
6,87,8
7,83,8
8,59,8
9,28,8
0,41,4
1,48,4
2,76,4
3,92,4
4,74,4
5,72,4
6,177,4
7,56,4
8,109,4
9,51,4
0,80,16
1,60,16
2,50,16
3,183,16
4,68,16
5,32,16
6,136,16
7,66,16
8,48,16
9,72,16
0,64,0
1,60,0
2,105,0
3,38,0
4,63,0
5,57,0
6,80,0
7,99,0
8,98,0
9,132,0
0,22,3
1,194,3
2,105,3
3,56,3
4,28,3
5,92,3
6,99,3
7,89,3
8,73,3
9,38,3
0,82,5
1,55,5
2,64,5
3,52,5
4,36,5
5,76,5
6,126,5
7,69,5
8,110,5
9,125,5
0,56,10
1,60,10
2,40,10
3,157,10
4,83,10
5,60,10
6,120,10
7,44,10
8,75,10
9,100,10
0,32,16
1,84,16
2,120,16
3,32,16
4,57,16
5,177,16
6,135,16
7,60,16
8,48,16
9,52,16
0,48,17
1,59,17
2,51,17
3,132,17
4,48,17
5,91,17
6,30,17
7,102,17
8,130,17
9,107,17
0,64,11
1,84,11
2,43,11
3,94,11
4,68,11
5,50,11
6,56,11
7,69,11
8,186,11
9,83,11
0,57,4
1,58,4
2,26,4
3,44,4
4,123,4
5,84,4
6,116,4
7,85,4
8,104,4
9,100,4
0,68,13
1,72,13
2,60,13
3,86,13
4,26,13
5,124,13
6,100,13
7,116,13
8,93,13
9,51,13
0,64,2
1,119,2
2,64,2
3,111,2
4,76,2
5,52,2
6,108,2
7,42,2
8,89,2
9,72,2
0,120,19
1,147,19
2,65,19
3,62,19
4,32,19
5,104,19
6,96,19
7,64,19
8,56,19
9,48,19
0,128,5
1,39,5
2,44,5
3,42,5
4,28,5
5,106,5
6,163,5
7,83,5
8,88,5
9,76,5
0,80,10
1,85,10
2,127,10
3,112,10
4,116,10
5,88,10
6,11,10
7,47,10
8,102,10
9,28,10
0,69,0
1,76,0
2,60,0
3,121,0
4,94,0
5,38,0
6,102,0
7,100,0
8,50,0
9,85,0
0,108,1
1,132,1
2,75,1
3,42,1
4,79,1
5,64,1
6,78,1
7,41,1
8,67,1
9,109,1
0,119,3
1,48,3
2,111,3
3,90,3
4,76,3
5,89,3
6,37,3
7,38,3
8,126,3
9,61,3
0,111,15
1,95,15
2,67,15
3,84,15
4,120,15
5,57,15
6,19,15
7,103,15
8,48,15
9,93,15
0,25,9
1,92,9
2,63,9
3,205,9
4,31,9
5,94,9
6,60,9
7,62,9
8,132,9
9,32,9
0,29,14
1,60,14
2,40,14
3,131,14
4,182,14
5,102,14
6,84,14
7,26,14
8,52,14
9,90,14
0,118,8
1,77,8
2,32,8
3,28,8
4,17,8
5,30,8
6,99,8
7,132,8
8,138,8
9,125,8
0,113,6
1,49,6
2,157,6
3,35,6
4,52,6
5,129,6
6,53,6
7,76,6
8,39,6
9,92,6
0,78,12
1,150,12
2,139,12
3,72,12
4,93,12
5,34,12
6,72,12
7,28,12
8,72,12
9,59,12
0,121,7
1,85,7
2,25,7
3,88,7
4,32,7
5,128,7
6,80,7
7,31,7
8,128,7
9,78,7
0,112,18
1,44,18
2,136,18
3,56,18
4,119,18
5,39,18
6,66,18
7,96,18
8,77,18
9,49,18
0,122,15
1,20,15
2,110,15
3,90,15
4,32,15
5,29,15
6,121,15
7,109,15
8,88,15
9,75,15
0,136,8
1,54,8
2,110,8
3,45,8
4,48,8
5,48,8
6,112,8
7,49,8
8,120,8
9,73,8
0,47,13
1,133,13
2,97,13
3,98,13
4,73,13
5,54,13
6,22,13
7,73,13
8,73,13
9,125,13
0,114,14
1,103,14
2,68,14
3,64,14
4,52,14
5,24,14
6,163,14
7,92,14
8,76,14
9,40,14
0,78,16
1,59,16
2,163,16
3,48,16
4,136,16
5,42,16
6,95,16
7,84,16
8,60,16
9,31,16
0,50,17
1,48,17
2,104,17
3,62,17
4,79,17
5,53,17
6,96,17
7,166,17
8,97,17
9,40,17
0,134,7
1,177,7
2,70,7
3,64,7
4,53,7
5,52,7
6,36,7
7,61,7
8,76,7
9,72,7
0,118,5
1,41,5
2,60,5
3,69,5
4,86,5
5,53,5
6,25,5
7,108,5
8,105,5
9,130,5
0,139,10
1,62,10
2,100,10
3,108,10
4,65,10
5,89,10
6,129,10
7,35,10
8,48,10
9,21,10
0,78,2
1,89,2
2,95,2
3,56,2
4,63,2
5,102,2
6,80,2
7,94,2
8,69,2
9,70,2
0,36,9
1,112,9
2,69,9
3,85,9
4,141,9
5,99,9
6,64,9
7,64,9
8,75,9
9,50,9
0,52,11
1,96,11
2,88,11
3,75,11
4,119,11
5,72,11
6,81,11
7,91,11
8,69,11
9,53,11
0,48,18
1,79,18
2,171,18
3,105,18
4,60,18
5,72,18
6,60,18
7,58,18
8,45,18
9,99,18
0,89,4
1,66,4
2,116,4
3,32,4
4,108,4
5,73,4
6,57,4
7,48,4
8,64,4
9,141,4
0,144,19
1,60,19
2,150,19
3,70,19
4,81,19
5,60,19
6,40,19
7,72,19
8,87,19
9,32,19
0,77,0
1,93,0
2,96,0
3,94,0
4,72,0
5,48,0
6,69,0
7,107,0
8,77,0
9,63,0
0,60,3
1,34,3
2,116,3
3,98,3
4,119,3
5,73,3
6,73,3
7,96,3
8,84,3
9,44,3
0,74,6
1,114,6
2,31,6
3,48,6
4,96,6
5,68,6
6,78,6
7,97,6
8,110,6
9,80,6
0,84,1
1,102,1
2,130,1
3,31,1
4,73,1
5,44,1
6,161,1
7,24,1
8,52,1
9,94,1
0,45,12
1,32,12
2,83,12
3,119,12
4,100,12
5,107,12
6,48,12
7,107,12
8,37,12
9,119,12
0,52,10
1,79,10
2,72,10
3,80,10
4,138,10
5,20,10
6,89,10
7,122,10
8,97,10
9,46,10
0,84,15
1,97,15
2,13,15
3,125,15
4,35,15
5,55,15
6,63,15
7,88,15
8,147,15
9,89,15
0,52,0
1,44,0
2,72,0
3,196,0
4,53,0
5,123,0
6,69,0
7,53,0
8,104,0
9,29,0
0,88,14
1,80,14
2,64,14
3,72,14
4,97,14
5,60,14
6,99,14
7,66,14
8,86,14
9,84,14
0,105,16
1,25,16
2,112,16
3,84,16
4,149,16
5,60,16
6,68,16
7,53,16
8,76,16
9,62,16
0,76,7
1,77,7
2,58,7
3,27,7
4,125,7
5,47,7
6,56,7
7,105,7
8,94,7
9,130,7
0,45,8
1,82,8
2,46,8
3,88,8
4,152,8
5,108,8
6,27,8
7,51,8
8,112,8
9,87,8
0,68,17
1,70,17
2,59,17
3,72,17
4,93,17
5,138,17
6,63,17
7,63,17
8,91,17
9,80,17
0,89,19
1,68,19
2,71,19
3,23,19
4,96,19
5,104,19
6,124,19
7,76,19
8,95,19
9,51,19
0,98,5
1,41,5
2,77,5
3,97,5
4,56,5
5,69,5
6,63,5
7,58,5
8,175,5
9,62,5
0,134,1
1,35,1
2,60,1
3,119,1
4,52,1
5,71,1
6,75,1
7,95,1
8,58,1
9,98,1
0,72,18
1,88,18
2,51,18
3,132,18
4,68,18
5,81,18
6,56,18
7,74,18
8,99,18
9,75,18
0,84,6
1,68,6
2,74,6
3,80,6
4,111,6
5,40,6
6,60,6
7,173,6
8,80,6
9,24,6
0,80,3
1,99,3
2,38,3
3,69,3
4,98,3
5,48,3
6,110,3
7,17,3
8,117,3
9,120,3
0,110,12
1,40,12
2,69,12
3,80,12
4,150,12
5,99,12
6,80,12
7,80,12
8,38,12
9,51,12
0,73,4
1,76,4
2,44,4
3,58,4
4,27,4
5,80,4
6,96,4
7,94,4
8,92,4
9,155,4
0,52,2
1,59,2
2,78,2
3,104,2
4,41,2
5,52,2
6,120,2
7,132,2
8,88,2
9,71,2
0,88,13
1,88,13
2,113,13
3,48,13
4,56,13
5,70,13
6,84,13
7,72,13
8,78,13
9,100,13
0,89,9
1,72,9
2,76,9
3,21,9
4,145,9
5,85,9
6,68,9
7,99,9
8,48,9
9,93,9
0,100,11
1,122,11
2,72,11
3,31,11
4,100,11
5,48,11
6,48,11
7,151,11
8,30,11
9,94,11
0,85,0
1,61,0
2,64,0
3,92,0
4,9,0
5,44,0
6,43,0
7,94,0
8,152,0
9,152,0
0,126,18
1,59,18
2,48,18
3,75,18
4,65,18
5,65,18
6,71,18
7,87,18
8,92,18
9,108,18
0,121,4
1,34,4
2,41,4
3,60,4
4,87,4
5,43,4
6,126,4
7,81,4
8,88,4
9,115,4
0,60,3
1,98,3
2,40,3
3,107,3
4,57,3
5,69,3
6,59,3
7,177,3
8,77,3
9,52,3
0,44,19
1,122,19
2,64,19
3,88,19
4,74,19
5,64,19
6,81,19
7,114,19
8,44,19
9,99,19
0,122,5
1,55,5
2,26,5
3,128,5
4,60,5
5,135,5
6,64,5
7,62,5
8,42,5
9,103,5
0,84,14
1,67,14
2,89,14
3,52,14
4,76,14
5,53,14
6,62,14
7,129,14
8,112,14
9,73,14
0,80,16
1,28,16
2,60,16
3,60,16
4,48,16
5,47,16
6,167,16
7,175,16
8,100,16
9,31,16
0,57,15
1,83,15
2,90,15
3,58,15
4,130,15
5,49,15
6,73,15
7,61,15
8,108,15
9,87,15
0,66,10
1,94,10
2,124,10
3,63,10
4,70,10
5,118,10
6,45,10
7,87,10
8,92,10
9,38,10
0,75,11
1,74,11
2,29,11
3,123,11
4,87,11
5,59,11
6,121,11
7,92,11
8,91,11
9,46,11
0,146,17
1,59,17
2,79,17
3,99,17
4,140,17
5,81,17
6,56,17
7,39,17
8,73,17
9,24,17
0,27,13
1,42,13
2,93,13
3,108,13
4,24,13
5,77,13
6,200,13
7,60,13
8,100,13
9,64,13
0,50,6
1,64,6
2,32,6
3,88,6
4,239,6
5,74,6
6,72,6
7,91,6
8,52,6
9,36,6
0,90,7
1,88,7
2,52,7
3,83,7
4,96,7
5,70,7
6,44,7
7,24,7
8,78,7
9,172,7
0,33,9
1,67,9
2,136,9
3,137,9
4,93,9
5,128,9
6,36,9
7,58,9
8,68,9
9,40,9
0,82,8
1,46,8
2,53,8
3,196,8
4,119,8
5,31,8
6,56,8
7,124,8
8,50,8
9,40,8
0,50,12
1,22,12
2,126,12
3,89,12
4,56,12
5,164,12
6,72,12
7,68,12
8,84,12
9,65,12
0,126,2
1,108,2
2,49,2
3,43,2
4,106,2
5,86,2
6,83,2
7,53,2
8,44,2
9,98,2
0,77,1
1,37,1
2,204,1
3,88,1
4,103,1
5,36,1
6,76,1
7,75,1
8,52,1
9,48,1
0,146,13
1,73,13
2,89,13
3,59,13
4,87,13
5,96,13
6,59,13
7,24,13
8,85,13
9,77,13
0,72,4
1,92,4
2,104,4
3,84,4
4,88,4
5,48,4
6,76,4
7,44,4
8,53,4
9,135,4
0,151,11
1,28,11
2,92,11
3,46,11
4,64,11
5,81,11
6,116,11
7,57,11
8,56,11
9,107,11
0,112,9
1,48,9
2,40,9
3,104,9
4,68,9
5,84,9
6,103,9
7,130,9
8,17,9
9,91,9
0,68,19
1,120,19
2,103,19
3,112,19
4,76,19
5,89,19
6,12,19
7,84,19
8,84,19
9,48,19
0,64,10
1,68,10
2,126,10
3,84,10
4,80,10
5,52,10
6,69,10
7,137,10
8,74,10
9,44,10
0,164,12
1,75,12
2,63,12
3,40,12
4,104,12
5,74,12
6,60,12
7,122,12
8,34,12
9,61,12
0,191,17
1,61,17
2,134,17
3,48,17
4,52,17
5,62,17
6,64,17
7,74,17
8,48,17
9,63,17
0,108,7
1,122,7
2,85,7
3,63,7
4,104,7
5,64,7
6,75,7
7,58,7
8,39,7
9,78,7
0,54,8
1,49,8
2,92,8
3,99,8
4,84,8
5,96,8
6,59,8
7,107,8
8,91,8
9,65,8
0,85,18
1,112,18
2,68,18
3,60,18
4,60,18
5,97,18
6,84,18
7,91,18
8,37,18
9,100,18
0,51,6
1,93,6
2,54,6
3,47,6
4,36,6
5,131,6
6,100,6
7,98,6
8,108,6
9,79,6
0,68,0
1,148,0
2,88,0
3,72,0
4,63,0
5,84,0
6,53,0
7,47,0
8,154,0
9,19,0
0,72,16
1,48,16
2,20,16
3,72,16
4,68,16
5,142,16
6,108,16
7,121,16
8,64,16
9,80,16
0,30,2
1,151,2
2,86,2
3,22,2
4,84,2
5,140,2
6,64,2
7,76,2
8,112,2
9,32,2
0,76,1
1,96,1
2,61,1
3,45,1
4,94,1
5,161,1
6,28,1
7,87,1
8,64,1
9,84,1
0,85,15
1,88,15
2,117,15
3,57,15
4,80,15
5,48,15
6,58,15
7,89,15
8,34,15
9,140,15
0,78,3
1,135,3
2,82,3
3,22,3
4,24,3
5,76,3
6,96,3
7,174,3
8,89,3
9,20,3
0,228,5
1,64,5
2,12,5
3,29,5
4,52,5
5,88,5
6,130,5
7,32,5
8,116,5
9,43,5
0,82,14
1,40,14
2,145,14
3,49,14
4,65,14
5,38,14
6,81,14
7,92,14
8,44,14
9,160,14
0,54,10
1,74,10
2,66,10
3,101,10
4,60,10
5,66,10
6,101,10
7,54,10
8,120,10
9,99,10
0,119,6
1,50,6
2,97,6
3,122,6
4,38,6
5,76,6
6,31,6
7,60,6
8,96,6
9,108,6
0,148,19
1,113,19
2,48,19
3,64,19
4,60,19
5,84,19
6,52,19
7,59,19
8,84,19
9,84,19
0,103,1
1,86,1
2,80,1
3,89,1
4,109,1
5,35,1
6,55,1
7,48,1
8,168,1
9,23,1
0,88,11
1,90,11
2,70,11
3,107,11
4,64,11
5,111,11
6,100,11
7,106,11
8,36,11
9,24,11
0,81,3
1,32,3
2,77,3
3,75,3
4,44,3
5,88,3
6,99,3
7,103,3
8,128,3
9,69,3
0,64,8
1,44,8
2,56,8
3,80,8
4,107,8
5,108,8
6,136,8
7,58,8
8,52,8
9,91,8
0,66,15
1,66,15
2,81,15
3,167,15
4,62,15
5,29,15
6,91,15
7,49,15
8,24,15
9,161,15
0,56,2
1,81,2
2,42,2
3,82,2
4,103,2
5,76,2
6,121,2
7,114,2
8,68,2
9,53,2
0,65,13
1,24,13
2,81,13
3,115,13
4,114,13
5,64,13
6,127,13
7,73,13
8,64,13
9,69,13
0,40,5
1,72,5
2,104,5
3,52,5
4,78,5
5,110,5
6,74,5
7,46,5
8,64,5
9,156,5
0,87,4
1,56,4
2,112,4
3,104,4
4,78,4
5,55,4
6,40,4
7,46,4
8,140,4
9,77,4
0,61,17
1,86,17
2,58,17
3,84,17
4,93,17
5,53,17
6,86,17
7,107,17
8,67,17
9,100,17
0,74,0
1,56,0
2,102,0
3,22,0
4,119,0
5,97,0
6,91,0
7,94,0
8,25,0
9,116,0
0,54,7
1,87,7
2,68,7
3,62,7
4,102,7
5,145,7
6,36,7
7,100,7
8,24,7
9,120,7
0,79,18
1,52,18
2,79,18
3,76,18
4,104,18
5,51,18
6,75,18
7,167,18
8,79,18
9,36,18
0,44,16
1,56,16
2,32,16
3,127,16
4,133,16
5,58,16
6,94,16
7,92,16
8,103,16
9,56,16
0,56,9
1,90,9
2,57,9
3,128,9
4,49,9
5,73,9
6,116,9
7,92,9
8,50,9
9,84,9
0,62,14
1,142,14
2,43,14
3,131,14
4,54,14
5,133,14
6,21,14
7,92,14
8,83,14
9,36,14
0,102,12
1,86,12
2,23,12
3,145,12
4,86,12
5,80,12
6,72,12
7,108,12
8,59,12
9,34,12
0,97,10
1,59,10
2,45,10
3,67,10
4,54,10
5,116,10
6,133,10
7,30,10
8,84,10
9,111,10
0,121,8
1,84,8
2,75,8
3,64,8
4,102,8
5,69,8
6,64,8
7,82,8
8,61,8
9,74,8
0,175,19
1,28,19
2,36,19
3,76,19
4,95,19
5,43,19
6,146,19
7,56,19
8,85,19
9,56,19
0,92,0
1,92,0
2,73,0
3,64,0
4,136,0
5,76,0
6,64,0
7,82,0
8,71,0
9,47,0
0,100,13
1,103,13
2,60,13
3,76,13
4,98,13
5,52,13
6,49,13
7,100,13
8,78,13
9,80,13
0,37,11
1,111,11
2,20,11
3,120,11
4,63,11
5,97,11
6,68,11
7,161,11
8,91,11
9,28,11
0,80,15
1,88,15
2,68,15
3,56,15
4,75,15
5,95,15
6,114,15
7,58,15
8,70,15
9,92,15
0,109,7
1,68,7
2,35,7
3,112,7
4,82,7
5,69,7
6,46,7
7,81,7
8,8,7
9,185,7
0,78,4
1,124,4
2,153,4
3,80,4
4,104,4
5,48,4
6,28,4
7,29,4
8,95,4
9,57,4
0,110,14
1,156,14
2,63,14
3,57,14
4,49,14
5,38,14
6,67,14
7,102,14
8,87,14
9,68,14
0,140,18
1,100,18
2,66,18
3,44,18
4,30,18
5,92,18
6,125,18
7,55,18
8,65,18
9,78,18
0,71,2
1,26,2
2,64,2
3,115,2
4,112,2
5,109,2
6,62,2
7,58,2
8,52,2
9,128,2
0,72,17
1,137,17
2,35,17
3,49,17
4,77,17
5,82,17
6,83,17
7,60,17
8,115,17
9,87,17
0,48,3
1,120,3
2,49,3
3,72,3
4,128,3
5,70,3
6,67,3
7,52,3
8,47,3
9,142,3
0,77,5
1,60,5
2,97,5
3,64,5
4,98,5
5,59,5
6,140,5
7,32,5
8,114,5
9,55,5
0,45,16
1,69,16
2,100,16
3,86,16
4,25,16
5,151,16
6,96,16
7,66,16
8,86,16
9,72,16
0,138,6
1,96,6
2,44,6
3,40,6
4,61,6
5,120,6
6,105,6
7,104,6
8,32,6
9,56,6
0,115,9
1,67,9
2,76,9
3,43,9
4,35,9
5,60,9
6,122,9
7,96,9
8,105,9
9,77,9
0,5,1
1,114,1
2,56,1
3,60,1
4,72,1
5,76,1
6,20,1
7,174,1
8,56,1
9,163,1
0,66,12
1,88,12
2,50,12
3,51,12
4,176,12
5,73,12
6,79,12
7,94,12
8,60,12
9,58,12
0,64,1
1,64,1
2,80,1
3,42,1
4,50,1
5,124,1
6,62,1
7,144,1
8,49,1
9,116,1
0,47,4
1,44,4
2,155,4
3,108,4
4,52,4
5,71,4
6,53,4
7,96,4
8,88,4
9,83,4
0,66,8
1,81,8
2,56,8
3,69,8
4,86,8
5,64,8
6,39,8
7,146,8
8,139,8
9,51,8
0,133,2
1,69,2
2,92,2
3,21,2
4,35,2
5,47,2
6,107,2
7,123,2
8,91,2
9,79,2
0,69,16
1,46,16
2,93,16
3,36,16
4,107,16
5,29,16
6,73,16
7,94,16
8,84,16
9,164,16
0,106,3
1,78,3
2,123,3
3,36,3
4,40,3
5,132,3
6,66,3
7,49,3
8,71,3
9,95,3
0,83,6
1,72,6
2,104,6
3,48,6
4,89,6
5,32,6
6,128,6
7,105,6
8,95,6
9,40,6
0,70,13
1,60,13
2,163,13
3,128,13
4,50,13
5,83,13
6,36,13
7,100,13
8,69,13
9,37,13
0,124,5
1,52,5
2,42,5
3,117,5
4,82,5
5,68,5
6,31,5
7,32,5
8,91,5
9,158,5
0,100,9
1,56,9
2,102,9
3,108,9
4,61,9
5,82,9
6,83,9
7,62,9
8,49,9
9,93,9
0,117,19
1,49,19
2,64,19
3,39,19
4,76,19
5,75,19
6,77,19
7,75,19
8,133,19
9,91,19
0,50,18
1,148,18
2,90,18
3,36,18
4,92,18
5,34,18
6,88,18
7,52,18
8,92,18
9,115,18
0,81,11
1,72,11
2,66,11
3,76,11
4,39,11
5,79,11
6,98,11
7,89,11
8,56,11
9,139,11
0,80,12
1,43,12
2,144,12
3,63,12
4,41,12
5,46,12
6,213,12
7,58,12
8,75,12
9,33,12
0,101,10
1,101,10
2,68,10
3,92,10
4,37,10
5,97,10
6,54,10
7,59,10
8,73,10
9,113,10
0,47,7
1,76,7
2,97,7
3,122,7
4,43,7
5,136,7
6,48,7
7,90,7
8,84,7
9,52,7
0,52,15
1,99,15
2,143,15
3,50,15
4,72,15
5,60,15
6,132,15
7,68,15
8,42,15
9,78,15
0,79,17
1,96,17
2,151,17
3,72,17
4,92,17
5,86,17
6,68,17
7,31,17
8,66,17
9,57,17
0,132,14
1,68,14
2,64,14
3,90,14
4,91,14
5,53,14
6,49,14
7,79,14
8,98,14
9,72,14
0,95,0
1,76,0
2,117,0
3,56,0
4,89,0
5,130,0
6,64,0
7,53,0
8,53,0
9,63,0
0,47,15
1,67,15
2,32,15
3,42,15
4,179,15
5,66,15
6,91,15
7,97,15
8,98,15
9,77,15
0,93,2
1,92,2
2,139,2
3,55,2
4,79,2
5,57,2
6,99,2
7,44,2
8,98,2
9,40,2
0,75,3
1,18,3
2,108,3
3,66,3
4,82,3
5,84,3
6,108,3
7,128,3
8,63,3
9,64,3
0,37,8
1,88,8
2,80,8
3,60,8
4,82,8
5,65,8
6,51,8
7,112,8
8,152,8
9,69,8
0,80,5
1,124,5
2,68,5
3,46,5
4,56,5
5,85,5
6,120,5
7,98,5
8,63,5
9,56,5
0,108,6
1,61,6
2,95,6
3,35,6
4,46,6
5,32,6
6,216,6
7,77,6
8,80,6
9,46,6
0,54,1
1,56,1
2,81,1
3,102,1
4,138,1
5,70,1
6,80,1
7,69,1
8,111,1
9,35,1
0,68,4
1,68,4
2,43,4
3,148,4
4,65,4
5,67,4
6,61,4
7,28,4
8,89,4
9,159,4
0,131,17
1,24,17
2,56,17
3,64,17
4,190,17
5,58,17
6,55,17
7,80,17
8,74,17
9,64,17
0,60,16
1,65,16
2,45,16
3,91,16
4,54,16
5,95,16
6,52,16
7,177,16
8,102,16
9,56,16
0,92,12
1,64,12
2,35,12
3,75,12
4,64,12
5,152,12
6,72,12
7,41,12
8,133,12
9,68,12
0,96,11
1,79,11
2,64,11
3,45,11
4,115,11
5,124,11
6,77,11
7,66,11
8,46,11
9,84,11
0,120,9
1,42,9
2,77,9
3,45,9
4,82,9
5,60,9
6,118,9
7,30,9
8,90,9
9,132,9
0,77,18
1,89,18
2,101,18
3,75,18
4,36,18
5,108,18
6,44,18
7,98,18
8,75,18
9,92,18
0,68,13
1,74,13
2,26,13
3,50,13
4,139,13
5,64,13
6,156,13
7,80,13
8,95,13
9,45,13
0,97,19
1,120,19
2,70,19
3,80,19
4,100,19
5,37,19
6,52,19
7,97,19
8,108,19
9,33,19
0,81,7
1,60,7
2,73,7
3,56,7
4,116,7
5,125,7
6,49,7
7,86,7
8,39,7
9,111,7
0,80,0
1,32,0
2,52,0
3,76,0
4,69,0
5,104,0
6,101,0
7,92,0
8,90,0
9,99,0
0,90,10
1,35,10
2,40,10
3,144,10
4,79,10
5,120,10
6,63,10
7,94,10
8,64,10
9,67,10
0,60,14
1,79,14
2,116,14
3,49,14
4,45,14
5,82,14
6,91,14
7,117,14
8,104,14
9,52,14
0,156,14
1,187,14
2,48,14
3,36,14
4,87,14
5,31,14
6,56,14
7,36,14
8,95,14
9,64,14
0,50,12
1,76,12
2,42,12
3,158,12
4,166,12
5,45,12
6,78,12
7,72,12
8,60,12
9,48,12
0,50,3
1,52,3
2,80,3
3,56,3
4,142,3
5,77,3
6,62,3
7,127,3
8,69,3
9,80,3
0,40,16
1,109,16
2,103,16
3,48,16
4,38,16
5,55,16
6,55,16
7,48,16
8,144,16
9,156,16
0,57,15
1,38,15
2,104,15
3,88,15
4,110,15
5,80,15
6,57,15
7,108,15
8,100,15
9,54,15
0,62,6
1,80,6
2,106,6
3,94,6
4,108,6
5,57,6
6,40,6
7,48,6
8,76,6
9,124,6
0,56,4
1,71,4
2,75,4
3,52,4
4,76,4
5,50,4
6,52,4
7,155,4
8,112,4
9,97,4
0,85,8
1,32,8
2,59,8
3,56,8
4,84,8
5,146,8
6,128,8
7,48,8
8,84,8
9,73,8
0,84,19
1,70,19
2,76,19
3,67,19
4,100,19
5,66,19
6,128,19
7,78,19
8,69,19
9,59,19
0,108,7
1,75,7
2,56,7
3,64,7
4,92,7
5,60,7
6,102,7
7,57,7
8,100,7
9,82,7
0,62,10
1,28,10
2,51,10
3,127,10
4,72,10
5,65,10
6,64,10
7,107,10
8,180,10
9,41,10
0,127,11
1,111,11
2,148,11
3,47,11
4,68,11
5,35,11
6,81,11
7,37,11
8,96,11
9,46,11
0,111,9
1,81,9
2,38,9
3,36,9
4,56,9
5,60,9
6,92,9
7,146,9
8,84,9
9,91,9
0,33,0
1,132,0
2,98,0
3,88,0
4,164,0
5,50,0
6,81,0
7,69,0
8,50,0
9,32,0
0,56,13
1,32,13
2,112,13
3,55,13
4,37,13
5,83,13
6,88,13
7,66,13
8,175,13
9,92,13
0,101,18
1,68,18
2,125,18
3,35,18
4,124,18
5,83,18
6,68,18
7,27,18
8,105,18
9,60,18
0,94,2
1,80,2
2,75,2
3,50,2
4,132,2
5,76,2
6,53,2
7,80,2
8,76,2
9,79,2
0,67,5
1,106,5
2,92,5
3,148,5
4,109,5
5,13,5
6,41,5
7,52,5
8,27,5
9,140,5
0,74,17
1,124,17
2,58,17
3,71,17
4,86,17
5,56,17
6,94,17
7,98,17
8,56,17
9,79,17
0,31,1
1,137,1
2,92,1
3,65,1
4,71,1
5,79,1
6,60,1
7,78,1
8,59,1
9,124,1
0,120,4
1,90,4
2,20,4
3,128,4
4,105,4
5,79,4
6,84,4
7,28,4
8,77,4
9,64,4
0,75,9
1,103,9
2,64,9
3,36,9
4,109,9
5,137,9
6,76,9
7,94,9
8,64,9
9,37,9
0,56,0
1,60,0
2,127,0
3,61,0
4,44,0
5,68,0
6,128,0
7,53,0
8,68,0
9,131,0
0,81,15
1,75,15
2,131,15
3,58,15
4,124,15
5,76,15
6,77,15
7,75,15
8,54,15
9,45,15
0,47,12
1,88,12
2,52,12
3,129,12
4,79,12
5,72,12
6,50,12
7,118,12
8,124,12
9,36,12
0,28,7
1,57,7
2,136,7
3,40,7
4,103,7
5,135,7
6,38,7
7,166,7
8,34,7
9,60,7
0,52,16
1,101,16
2,43,16
3,58,16
4,85,16
5,93,16
6,114,16
7,58,16
8,138,16
9,54,16
0,98,6
1,57,6
2,54,6
3,71,6
4,161,6
5,87,6
6,81,6
7,38,6
8,88,6
9,60,6
0,111,2
1,135,2
2,38,2
3,68,2
4,184,2
5,39,2
6,30,2
7,40,2
8,96,2
9,56,2
0,96,5
1,88,5
2,56,5
3,118,5
4,54,5
5,65,5
6,130,5
7,63,5
8,38,5
9,89,5
0,56,8
1,60,8
2,66,8
3,98,8
4,72,8
5,71,8
6,88,8
7,112,8
8,96,8
9,77,8
0,66,10
1,111,10
2,72,10
3,53,10
4,109,10
5,111,10
6,101,10
7,67,10
8,75,10
9,32,10
0,100,17
1,95,17
2,105,17
3,72,17
4,52,17
5,71,17
6,60,17
7,101,17
8,98,17
9,43,17
0,73,14
1,96,14
2,55,14
3,75,14
4,56,14
5,61,14
6,104,14
7,126,14
8,101,14
9,49,14
0,91,1
1,115,1
2,78,1
3,66,1
4,48,1
5,55,1
6,49,1
7,77,1
8,83,1
9,135,1
0,73,11
1,132,11
2,41,11
3,40,11
4,47,11
5,86,11
6,128,11
7,95,11
8,63,11
9,91,11
0,69,13
1,111,13
2,88,13
3,119,13
4,92,13
5,79,13
6,54,13
7,90,13
8,20,13
9,74,13
0,104,3
1,116,3
2,107,3
3,107,3
4,106,3
5,53,3
6,33,3
7,95,3
8,20,3
9,55,3
0,54,18
1,73,18
2,79,18
3,92,18
4,73,18
5,117,18
6,80,18
7,120,18
8,25,18
9,81,18
0,59,19
1,64,19
2,96,19
3,43,19
4,75,19
5,61,19
6,93,19
7,136,19
8,84,19
9,86,19
0,40,3
1,167,3
2,56,3
3,50,3
4,83,3
5,48,3
6,125,3
7,46,3
8,59,3
9,124,3
0,50,0
1,100,0
2,108,0
3,28,0
4,52,0
5,116,0
6,64,0
7,97,0
8,107,0
9,76,0
0,140,16
1,55,16
2,83,16
3,84,16
4,83,16
5,69,16
6,73,16
7,73,16
8,68,16
9,68,16
0,88,11
1,73,11
2,108,11
3,110,11
4,52,11
5,40,11
6,66,11
7,153,11
8,42,11
9,64,11
0,92,12
1,84,12
2,57,12
3,91,12
4,58,12
5,48,12
6,96,12
7,54,12
8,110,12
9,107,12
0,48,10
1,52,10
2,147,10
3,40,10
4,64,10
5,70,10
6,118,10
7,98,10
8,94,10
9,66,10
0,116,7
1,108,7
2,83,7
3,43,7
4,104,7
5,64,7
6,62,7
7,33,7
8,92,7
9,91,7
0,75,13
1,28,13
2,133,13
3,72,13
4,50,13
5,60,13
6,71,13
7,120,13
8,94,13
9,94,13
0,148,2
1,84,2
2,149,2
3,40,2
4,77,2
5,17,2
6,108,2
7,93,2
8,61,2
9,19,2
0,28,18
1,72,18
2,128,18
3,89,18
4,72,18
5,54,18
6,131,18
7,84,18
8,69,18
9,68,18
0,52,5
1,60,5
2,38,5
3,216,5
4,89,5
5,75,5
6,69,5
7,52,5
8,58,5
9,88,5
0,68,4
1,89,4
2,155,4
3,88,4
4,72,4
5,81,4
6,55,4
7,79,4
8,36,4
9,74,4
0,85,9
1,37,9
2,104,9
3,70,9
4,78,9
5,82,9
6,100,9
7,36,9
8,62,9
9,140,9
0,38,1
1,53,1
2,123,1
3,79,1
4,151,1
5,74,1
6,36,1
7,47,1
8,127,1
9,68,1
0,52,19
1,129,19
2,60,19
3,65,19
4,100,19
5,64,19
6,85,19
7,43,19
8,46,19
9,152,19
0,52,15
1,162,15
2,84,15
3,80,15
4,20,15
5,50,15
6,54,15
7,48,15
8,132,15
9,112,15
0,68,6
1,87,6
2,56,6
3,97,6
4,104,6
5,39,6
6,60,6
7,158,6
8,46,6
9,82,6
0,80,17
1,24,17
2,37,17
3,44,17
4,93,17
5,86,17
6,59,17
7,92,17
8,198,17
9,84,17
0,53,14
1,47,14
2,80,14
3,52,14
4,155,14
5,71,14
6,85,14
7,75,14
8,44,14
9,134,14
0,83,8
1,28,8
2,71,8
3,218,8
4,101,8
5,36,8
6,100,8
7,64,8
8,64,8
9,32,8
0,135,9
1,30,9
2,28,9
3,30,9
4,139,9
5,120,9
6,75,9
7,115,9
8,29,9
9,96,9
0,87,14
1,104,14
2,90,14
3,112,14
4,86,14
5,30,14
6,97,14
7,84,14
8,44,14
9,60,14
0,35,4
1,98,4
2,72,4
3,79,4
4,107,4
5,58,4
6,63,4
7,52,4
8,137,4
9,96,4
0,96,17
1,92,17
2,58,17
3,48,17
4,72,17
5,143,17
6,56,17
7,120,17
8,75,17
9,37,17
0,107,6
1,35,6
2,41,6
3,111,6
4,63,6
5,127,6
6,156,6
7,38,6
8,40,6
9,80,6
0,66,11
1,116,11
2,118,11
3,100,11
4,32,11
5,106,11
6,75,11
7,110,11
8,34,11
9,40,11
0,99,18
1,131,18
2,51,18
3,53,18
4,84,18
5,63,18
6,116,18
7,122,18
8,36,18
9,43,18
0,75,13
1,81,13
2,28,13
3,13,13
4,96,13
5,107,13
6,98,13
7,107,13
8,80,13
9,111,13
0,35,3
1,78,3
2,47,3
3,192,3
4,116,3
5,44,3
6,97,3
7,60,3
8,84,3
9,43,3
0,122,0
1,59,0
2,71,0
3,111,0
4,42,0
5,66,0
6,108,0
7,91,0
8,52,0
9,76,0
0,56,8
1,60,8
2,120,8
3,72,8
4,148,8
5,37,8
6,156,8
7,49,8
8,43,8
9,55,8
0,77,19
1,112,19
2,59,19
3,48,19
4,72,19
5,41,19
6,77,19
7,164,19
8,96,19
9,49,19
0,123,12
1,81,12
2,92,12
3,73,12
4,88,12
5,33,12
6,45,12
7,68,12
8,68,12
9,124,12
0,84,2
1,64,2
2,74,2
3,116,2
4,84,2
5,118,2
6,64,2
7,110,2
8,30,2
9,52,2
0,63,10
1,38,10
2,111,10
3,55,10
4,52,10
5,73,10
6,52,10
7,132,10
8,125,10
9,96,10
0,84,16
1,37,16
2,61,16
3,68,16
4,61,16
5,119,16
6,109,16
7,98,16
8,93,16
9,64,16
0,104,1
1,82,1
2,25,1
3,75,1
4,77,1
5,136,1
6,56,1
7,76,1
8,85,1
9,79,1
0,112,15
1,71,15
2,147,15
3,45,15
4,30,15
5,52,15
6,99,15
7,112,15
8,59,15
9,70,15
0,51,7
1,104,7
2,121,7
3,99,7
4,24,7
5,78,7
6,66,7
7,92,7
8,93,7
9,68,7
0,152,5
1,121,5
2,76,5
3,68,5
4,34,5
5,53,5
6,42,5
7,72,5
8,71,5
9,107,5
0,151,8
1,64,8
2,75,8
3,78,8
4,94,8
5,78,8
6,72,8
7,83,8
8,37,8
9,64,8
0,127,11
1,100,11
2,120,11
3,105,11
4,84,11
5,80,11
6,51,11
7,62,11
8,30,11
9,37,11
0,77,2
1,36,2
2,71,2
3,89,2
4,45,2
5,72,2
6,88,2
7,116,2
8,111,2
9,91,2
0,92,17
1,59,17
2,98,17
3,60,17
4,33,17
5,60,17
6,100,17
7,83,17
8,108,17
9,102,17
0,95,19
1,76,19
2,48,19
3,71,19
4,108,19
5,57,19
6,56,19
7,95,19
8,98,19
9,91,19
0,109,0
1,57,0
2,92,0
3,118,0
4,97,0
5,91,0
6,56,0
7,44,0
8,53,0
9,78,0
0,42,10
1,116,10
2,85,10
3,42,10
4,88,10
5,89,10
6,34,10
7,108,10
8,56,10
9,136,10
0,97,4
1,43,4
2,93,4
3,39,4
4,91,4
5,110,4
6,56,4
7,76,4
8,31,4
9,160,4
0,52,16
1,91,16
2,55,16
3,83,16
4,44,16
5,107,16
6,65,16
7,94,16
8,115,16
9,91,16
0,96,9
1,66,9
2,64,9
3,76,9
4,197,9
5,84,9
6,60,9
7,56,9
8,73,9
9,24,9
0,133,15
1,112,15
2,48,15
3,52,15
4,51,15
5,45,15
6,159,15
7,45,15
8,52,15
9,98,15
0,67,5
1,99,5
2,111,5
3,76,5
4,39,5
5,86,5
6,162,5
7,100,5
8,28,5
9,30,5
0,160,6
1,108,6
2,37,6
3,76,6
4,40,6
5,39,6
6,67,6
7,44,6
8,85,6
9,140,6
0,96,3
1,76,3
2,68,3
3,72,3
4,56,3
5,134,3
6,146,3
7,66,3
8,60,3
9,24,3
0,97,1
1,93,1
2,69,1
3,115,1
4,16,1
5,92,1
6,88,1
7,87,1
8,54,1
9,84,1
0,52,18
1,100,18
2,84,18
3,76,18
4,48,18
5,176,18
6,133,18
7,24,18
8,27,18
9,76,18
0,54,13
1,89,13
2,76,13
3,60,13
4,88,13
5,59,13
6,66,13
7,49,13
8,134,13
9,121,13
0,52,12
1,83,12
2,17,12
3,57,12
4,63,12
5,78,12
6,70,12
7,120,12
8,203,12
9,53,12
0,104,7
1,54,7
2,24,7
3,159,7
4,48,7
5,152,7
6,27,7
7,45,7
8,63,7
9,120,7
0,87,14
1,114,14
2,69,14
3,105,14
4,64,14
5,115,14
6,52,14
7,76,14
8,17,14
9,97,14
0,80,6
1,70,6
2,86,6
3,36,6
4,135,6
5,85,6
6,53,6
7,56,6
8,146,6
9,48,6
0,136,11
1,136,11
2,70,11
3,72,11
4,59,11
5,48,11
6,48,11
7,81,11
8,74,11
9,74,11
0,52,3
1,80,3
2,75,3
3,143,3
4,29,3
5,65,3
6,40,3
7,133,3
8,60,3
9,118,3
0,98,14
1,83,14
2,49,14
3,70,14
4,32,14
5,67,14
6,92,14
7,88,14
8,80,14
9,138,14
0,83,1
1,72,1
2,96,1
3,111,1
4,37,1
5,48,1
6,132,1
7,58,1
8,69,1
9,90,1
0,36,15
1,38,15
2,31,15
3,56,15
4,138,15
5,63,15
6,100,15
7,99,15
8,135,15
9,100,15
0,81,18
1,75,18
2,23,18
3,70,18
4,129,18
5,97,18
6,59,18
7,81,18
8,75,18
9,106,18
0,68,7
1,61,7
2,117,7
3,94,7
4,105,7
5,71,7
6,66,7
7,66,7
8,76,7
9,72,7
0,66,10
1,160,10
2,79,10
3,32,10
4,71,10
5,84,10
6,117,10
7,69,10
8,49,10
9,68,10
0,107,4
1,100,4
2,91,4
3,36,4
4,112,4
5,39,4
6,105,4
7,76,4
8,64,4
9,67,4
0,77,13
1,76,13
2,46,13
3,99,13
4,132,13
5,55,13
6,39,13
7,29,13
8,98,13
9,146,13
0,93,16
1,72,16
2,74,16
3,50,16
4,111,16
5,94,16
6,26,16
7,53,16
8,155,16
9,68,16
0,75,8
1,89,8
2,88,8
3,46,8
4,59,8
5,85,8
6,88,8
7,109,8
8,75,8
9,82,8
0,97,9
1,43,9
2,99,9
3,19,9
4,96,9
5,104,9
6,128,9
7,81,9
8,69,9
9,60,9
0,50,17
1,88,17
2,100,17
3,46,17
4,93,17
5,96,17
6,118,17
7,87,17
8,60,17
9,59,17
0,82,0
1,69,0
2,89,0
3,68,0
4,72,0
5,96,0
6,38,0
7,119,0
8,94,0
9,69,0
0,44,12
1,30,12
2,87,12
3,86,12
4,87,12
5,115,12
6,161,12
7,91,12
8,18,12
9,77,12
0,91,2
1,90,2
2,44,2
3,27,2
4,33,2
5,88,2
6,84,2
7,115,2
8,127,2
9,98,2
0,65,19
1,126,19
2,129,19
3,80,19
4,33,19
5,69,19
6,102,19
7,100,19
8,68,19
9,23,19
0,127,5
1,60,5
2,51,5
3,119,5
4,92,5
5,80,5
6,76,5
7,42,5
8,86,5
9,65,5
0,74,8
1,41,8
2,76,8
3,128,8
4,39,8
5,47,8
6,94,8
7,57,8
8,107,8
9,132,8
0,65,12
1,74,12
2,120,12
3,61,12
4,61,12
5,102,12
6,54,12
7,122,12
8,24,12
9,112,12
0,72,18
1,48,18
2,17,18
3,154,18
4,64,18
5,108,18
6,124,18
7,112,18
8,56,18
9,41,18
0,56,2
1,123,2
2,37,2
3,64,2
4,72,2
5,121,2
6,100,2
7,57,2
8,84,2
9,83,2
0,108,5
1,31,5
2,108,5
3,141,5
4,83,5
5,30,5
6,65,5
7,80,5
8,46,5
9,104,5
0,71,6
1,80,6
2,37,6
3,63,6
4,37,6
5,75,6
6,120,6
7,82,6
8,64,6
9,168,6
0,60,17
1,78,17
2,78,17
3,147,17
4,57,17
5,99,17
6,64,17
7,106,17
8,35,17
9,72,17
0,68,1
1,128,1
2,174,1
3,108,1
4,25,1
5,79,1
6,42,1
7,44,1
8,92,1
9,34,1
0,72,13
1,109,13
2,132,13
3,85,13
4,59,13
5,83,13
6,31,13
7,27,13
8,30,13
9,168,13
0,116,19
1,68,19
2,32,19
3,87,19
4,29,19
5,85,19
6,89,19
7,143,19
8,67,19
9,80,19
0,51,4
1,140,4
2,49,4
3,49,4
4,112,4
5,56,4
6,81,4
7,42,4
8,87,4
9,128,4
0,36,9
1,61,9
2,96,9
3,67,9
4,49,9
5,80,9
6,83,9
7,48,9
8,197,9
9,79,9
0,92,14
1,127,14
2,30,14
3,68,14
4,84,14
5,72,14
6,63,14
7,94,14
8,112,14
9,52,14
0,19,15
1,69,15
2,71,15
3,39,15
4,123,15
5,64,15
6,116,15
7,104,15
8,79,15
9,114,15
0,100,3
1,63,3
2,136,3
3,83,3
4,46,3
5,92,3
6,120,3
7,36,3
8,63,3
9,56,3
0,83,11
1,142,11
2,127,11
3,84,11
4,85,11
5,57,11
6,20,11
7,69,11
8,54,11
9,75,11
0,91,10
1,54,10
2,101,10
3,75,10
4,39,10
5,90,10
6,107,10
7,99,10
8,103,10
9,38,10
0,45,7
1,131,7
2,125,7
3,95,7
4,86,7
5,62,7
6,73,7
7,57,7
8,72,7
9,49,7
0,71,16
1,77,16
2,54,16
3,91,16
4,34,16
5,100,16
6,95,16
7,93,16
8,129,16
9,52,16
0,84,0
1,96,0
2,87,0
3,118,0
4,64,0
5,86,0
6,39,0
7,148,0
8,48,0
9,27,0
0,143,10
1,33,10
2,67,10
3,24,10
4,100,10
5,85,10
6,56,10
7,136,10
8,96,10
9,56,10
0,25,11
1,40,11
2,87,11
3,126,11
4,61,11
5,102,11
6,35,11
7,80,11
8,124,11
9,116,11
0,96,17
1,50,17
2,94,17
3,75,17
4,151,17
5,50,17
6,55,17
7,84,17
8,74,17
9,67,17
0,44,14
1,52,14
2,102,14
3,64,14
4,200,14
5,64,14
6,92,14
7,97,14
8,18,14
9,63,14
0,75,2
1,71,2
2,158,2
3,65,2
4,82,2
5,61,2
6,140,2
7,48,2
8,43,2
9,53,2
0,37,6
1,54,6
2,108,6
3,22,6
4,102,6
5,93,6
6,84,6
7,108,6
8,145,6
9,42,6
0,104,3
1,90,3
2,76,3
3,94,3
4,132,3
5,28,3
6,70,3
7,36,3
8,92,3
9,73,3
0,71,5
1,75,5
2,109,5
3,71,5
4,46,5
5,104,5
6,159,5
7,30,5
8,55,5
9,77,5
0,39,4
1,182,4
2,51,4
3,91,4
4,45,4
5,104,4
6,75,4
7,40,4
8,65,4
9,104,4
0,21,9
1,86,9
2,84,9
3,100,9
4,132,9
5,50,9
6,118,9
7,81,9
8,28,9
9,96,9
0,73,19
1,72,19
2,17,19
3,88,19
4,89,19
5,76,19
6,109,19
7,120,19
8,27,19
9,124,19
0,83,18
1,64,18
2,88,18
3,108,18
4,92,18
5,43,18
6,95,18
7,45,18
8,92,18
9,87,18
0,70,15
1,90,15
2,131,15
3,54,15
4,52,15
5,72,15
6,146,15
7,90,15
8,49,15
9,43,15
0,88,7
1,130,7
2,76,7
3,72,7
4,36,7
5,52,7
6,45,7
7,92,7
8,156,7
9,48,7
0,116,1
1,84,1
2,73,1
3,155,1
4,94,1
5,55,1
6,83,1
7,36,1
8,49,1
9,52,1
0,48,0
1,133,0
2,111,0
3,54,0
4,68,0
5,81,0
6,36,0
7,48,0
8,111,0
9,106,0
0,69,8
1,51,8
2,78,8
3,140,8
4,58,8
5,94,8
6,69,8
7,102,8
8,56,8
9,80,8
0,55,16
1,48,16
2,80,16
3,64,16
4,143,16
5,92,16
6,67,16
7,113,16
8,70,16
9,65,16
0,72,13
1,113,13
2,88,13
3,76,13
4,63,13
5,120,13
6,43,13
7,90,13
8,67,13
9,64,13
0,30,12
1,96,12
2,65,12
3,146,12
4,126,12
5,50,12
6,116,12
7,83,12
8,21,12
9,63,12
0,73,8
1,84,8
2,58,8
3,94,8
4,69,8
5,40,8
6,121,8
7,60,8
8,136,8
9,60,8
0,60,10
1,83,10
2,93,10
3,66,10
4,60,10
5,155,10
6,53,10
7,108,10
8,28,10
9,89,10
0,24,17
1,126,17
2,85,17
3,67,17
4,59,17
5,126,17
6,111,17
7,26,17
8,99,17
9,73,17
0,103,7
1,91,7
2,160,7
3,53,7
4,20,7
5,71,7
6,89,7
7,32,7
8,100,7
9,78,7
0,70,5
1,108,5
2,107,5
3,36,5
4,48,5
5,130,5
6,57,5
7,131,5
8,75,5
9,33,5
0,112,19
1,104,19
2,26,19
3,116,19
4,74,19
5,104,19
6,54,19
7,68,19
8,78,19
9,60,19
0,30,3
1,76,3
2,151,3
3,20,3
4,50,3
5,98,3
6,104,3
7,102,3
8,115,3
9,50,3
0,116,2
1,72,2
2,100,2
3,47,2
4,55,2
5,140,2
6,103,2
7,47,2
8,68,2
9,48,2
0,36,15
1,68,15
2,55,15
3,92,15
4,100,15
5,88,15
6,71,15
7,86,15
8,79,15
9,122,15
0,116,16
1,82,16
2,108,16
3,79,16
4,84,16
5,112,16
6,92,16
7,55,16
8,40,16
9,26,16
0,68,9
1,101,9
2,56,9
3,72,9
4,134,9
5,77,9
6,58,9
7,35,9
8,111,9
9,83,9
0,54,14
1,78,14
2,83,14
3,85,14
4,64,14
5,95,14
6,60,14
7,89,14
8,88,14
9,100,14
0,102,12
1,98,12
2,62,12
3,106,12
4,103,12
5,40,12
6,28,12
7,82,12
8,76,12
9,99,12
0,73,1
1,80,1
2,39,1
3,105,1
4,67,1
5,41,1
6,43,1
7,99,1
8,116,1
9,133,1
0,72,11
1,28,11
2,79,11
3,72,11
4,74,11
5,50,11
6,96,11
7,84,11
8,129,11
9,112,11
0,92,13
1,62,13
2,82,13
3,73,13
4,72,13
5,87,13
6,36,13
7,124,13
8,80,13
9,87,13
0,109,4
1,100,4
2,85,4
3,60,4
4,9,4
5,159,4
6,19,4
7,70,4
8,46,4
9,139,4
0,56,18
1,43,18
2,120,18
3,73,18
4,53,18
5,103,18
6,70,18
7,84,18
8,83,18
9,111,18
0,110,0
1,108,0
2,92,0
3,68,0
4,66,0
5,70,0
6,55,0
7,101,0
8,73,0
9,53,0
0,78,6
1,89,6
2,44,6
3,25,6
4,52,6
5,77,6
6,80,6
7,160,6
8,76,6
9,114,6
0,65,2
1,49,2
2,41,2
3,41,2
4,177,2
5,80,2
6,84,2
7,148,2
8,61,2
9,48,2
0,136,19
1,30,19
2,63,19
3,33,19
4,31,19
5,166,19
6,85,19
7,45,19
8,169,19
9,37,19
0,105,8
1,95,8
2,137,8
3,124,8
4,20,8
5,53,8
6,88,8
7,84,8
8,66,8
9,24,8
0,65,11
1,61,11
2,106,11
3,28,11
4,131,11
5,41,11
6,29,11
7,112,11
8,125,11
9,96,11
0,120,9
1,70,9
2,108,9
3,25,9
4,96,9
5,125,9
6,19,9
7,85,9
8,70,9
9,79,9
0,59,1
1,66,1
2,146,1
3,94,1
4,40,1
5,91,1
6,87,1
7,37,1
8,64,1
9,113,1
0,100,15
1,124,15
2,56,15
3,58,15
4,35,15
5,134,15
6,87,15
7,47,15
8,52,15
9,104,15
0,32,18
1,89,18
2,115,18
3,87,18
4,58,18
5,52,18
6,85,18
7,66,18
8,92,18
9,120,18
0,165,14
1,44,14
2,74,14
3,108,14
4,64,14
5,32,14
6,60,14
7,85,14
8,97,14
9,67,14
0,44,5
1,91,5
2,64,5
3,95,5
4,65,5
5,136,5
6,119,5
7,76,5
8,75,5
9,32,5
0,67,13
1,86,13
2,115,13
3,72,13
4,28,13
5,135,13
6,100,13
7,81,13
8,56,13
9,56,13
0,56,16
1,80,16
2,87,16
3,88,16
4,68,16
5,144,16
6,53,16
7,95,16
8,50,16
9,74,16
0,119,3
1,137,3
2,44,3
3,53,3
4,20,3
5,126,3
6,88,3
7,103,3
8,84,3
9,21,3
0,76,10
1,102,10
2,89,10
3,120,10
4,81,10
5,108,10
6,62,10
7,32,10
8,82,10
9,43,10
0,58,7
1,62,7
2,84,7
3,61,7
4,104,7
5,144,7
6,63,7
7,56,7
8,89,7
9,75,7
0,48,12
1,77,12
2,36,12
3,64,12
4,128,12
5,98,12
6,109,12
7,43,12
8,108,12
9,84,12
0,127,6
1,55,6
2,60,6
3,85,6
4,78,6
5,76,6
6,77,6
7,30,6
8,69,6
9,140,6
0,150,0
1,28,0
2,67,0
3,57,0
4,88,0
5,74,0
6,116,0
7,25,0
8,102,0
9,89,0
0,55,4
1,160,4
2,121,4
3,36,4
4,44,4
5,117,4
6,120,4
7,68,4
8,42,4
9,34,4
0,76,17
1,76,17
2,172,17
3,72,17
4,68,17
5,82,17
6,30,17
7,92,17
8,49,17
9,80,17
0,21,6
1,88,6
2,80,6
3,91,6
4,132,6
5,168,6
6,97,6
7,45,6
8,56,6
9,17,6
0,86,10
1,117,10
2,60,10
3,168,10
4,41,10
5,69,10
6,67,10
7,52,10
8,84,10
9,52,10
0,60,4
1,80,4
2,52,4
3,60,4
4,91,4
5,78,4
6,73,4
7,40,4
8,77,4
9,186,4
0,48,16
1,88,16
2,71,16
3,101,16
4,46,16
5,61,16
6,147,16
7,68,16
8,79,16
9,87,16
0,62,5
1,48,5
2,90,5
3,51,5
4,143,5
5,65,5
6,51,5
7,109,5
8,91,5
9,87,5
0,44,14
1,35,14
2,136,14
3,57,14
4,85,14
5,164,14
6,56,14
7,95,14
8,68,14
9,57,14
0,44,12
1,58,12
2,86,12
3,64,12
4,31,12
5,94,12
6,88,12
7,57,12
8,154,12
9,120,12
0,91,3
1,126,3
2,48,3
3,35,3
4,186,3
5,40,3
6,63,3
7,76,3
8,68,3
9,64,3
0,64,19
1,52,19
2,141,19
3,72,19
4,45,19
5,102,19
6,105,19
7,88,19
8,97,19
9,28,19
0,76,13
1,128,13
2,150,13
3,68,13
4,40,13
5,48,13
6,110,13
7,44,13
8,64,13
9,66,13
0,63,7
1,80,7
2,95,7
3,120,7
4,128,7
5,52,7
6,148,7
7,51,7
8,40,7
9,20,7
0,54,9
1,142,9
2,88,9
3,41,9
4,101,9
5,52,9
6,64,9
7,103,9
8,72,9
9,79,9
0,125,18
1,36,18
2,67,18
3,51,18
4,142,18
5,36,18
6,74,18
7,66,18
8,140,18
9,58,18
0,79,11
1,109,11
2,90,11
3,77,11
4,54,11
5,103,11
6,65,11
7,103,11
8,61,11
9,55,11
0,80,1
1,68,1
2,168,1
3,65,1
4,122,1
5,38,1
6,87,1
7,77,1
8,52,1
9,40,1
0,115,2
1,141,2
2,32,2
3,104,2
4,119,2
5,72,2
6,48,2
7,64,2
8,45,2
9,56,2
0,84,17
1,34,17
2,52,17
3,116,17
4,51,17
5,48,17
6,132,17
7,80,17
8,82,17
9,116,17
0,55,8
1,83,8
2,44,8
3,173,8
4,66,8
5,76,8
6,65,8
7,85,8
8,80,8
9,69,8
0,47,0
1,97,0
2,56,0
3,68,0
4,72,0
5,163,0
6,81,0
7,80,0
8,44,0
9,89,0
0,63,15
1,58,15
2,93,15
3,116,15
4,77,15
5,28,15
6,48,15
7,100,15
8,120,15
9,92,15
0,89,19
1,43,19
2,127,19
3,158,19
4,24,19
5,52,19
6,72,19
7,48,19
8,78,19
9,105,19
0,136,16
1,27,16
2,72,16
3,28,16
4,53,16
5,96,16
6,118,16
7,127,16
8,88,16
9,52,16
0,77,9
1,123,9
2,62,9
3,66,9
4,81,9
5,111,9
6,64,9
7,54,9
8,109,9
9,49,9
0,92,8
1,40,8
2,132,8
3,73,8
4,33,8
5,132,8
6,52,8
7,60,8
8,59,8
9,124,8
0,68,15
1,76,15
2,137,15
3,74,15
4,72,15
5,79,15
6,58,15
7,91,15
8,64,15
9,76,15
0,55,7
1,140,7
2,53,7
3,76,7
4,39,7
5,40,7
6,121,7
7,77,7
8,57,7
9,137,7
0,135,10
1,55,10
2,24,10
3,140,10
4,68,10
5,57,10
6,80,10
7,80,10
8,89,10
9,67,10
0,70,3
1,83,3
2,122,3
3,58,3
4,54,3
5,124,3
6,97,3
7,55,3
8,91,3
9,42,3
0,69,14
1,136,14
2,70,14
3,111,14
4,48,14
5,94,14
6,96,14
7,55,14
8,17,14
9,100,14
0,174,5
1,65,5
2,74,5
3,133,5
4,67,5
5,93,5
6,72,5
7,48,5
8,37,5
9,32,5
0,76,1
1,60,1
2,64,1
3,88,1
4,79,1
5,61,1
6,94,1
7,92,1
8,103,1
9,80,1
0,53,4
1,35,4
2,75,4
3,60,4
4,71,4
5,76,4
6,154,4
7,61,4
8,71,4
9,141,4
0,52,0
1,158,0
2,104,0
3,76,0
4,91,0
5,82,0
6,28,0
7,84,0
8,76,0
9,44,0
0,120,17
1,28,17
2,160,17
3,82,17
4,55,17
5,61,17
6,84,17
7,44,17
8,118,17
9,43,17
0,47,11
1,98,11
2,56,11
3,65,11
4,171,11
5,64,11
6,104,11
7,51,11
8,74,11
9,67,11
0,52,2
1,98,2
2,72,2
3,40,2
4,72,2
5,84,2
6,96,2
7,167,2
8,59,2
9,56,2
0,44,12
1,163,12
2,86,12
3,30,12
4,153,12
5,66,12
6,77,12
7,50,12
8,26,12
9,100,12
0,98,13
1,53,13
2,133,13
3,112,13
4,41,13
5,33,13
6,110,13
7,84,13
8,72,13
9,60,13
0,88,6
1,72,6
2,60,6
3,139,6
4,84,6
5,66,6
6,88,6
7,39,6
8,70,6
9,91,6
0,75,18
1,56,18
2,131,18
3,150,18
4,20,18
5,84,18
6,54,18
7,56,18
8,92,18
9,78,18
0,142,18
1,39,18
2,75,18
3,117,18
4,74,18
5,122,18
6,60,18
7,60,18
8,56,18
9,52,18
0,73,1
1,51,1
2,120,1
3,80,1
4,54,1
5,51,1
6,49,1
7,173,1
8,43,1
9,101,1
0,42,12
1,98,12
2,59,12
3,52,12
4,127,12
5,43,12
6,80,12
7,61,12
8,119,12
9,116,12
0,80,19
1,152,19
2,66,19
3,28,19
4,96,19
5,41,19
6,29,19
7,143,19
8,61,19
9,100,19
0,57,14
1,33,14
2,35,14
3,91,14
4,130,14
5,44,14
6,128,14
7,132,14
8,81,14
9,65,14
0,76,4
1,36,4
2,213,4
3,110,4
4,48,4
5,144,4
6,55,4
7,24,4
8,43,4
9,47,4
0,74,2
1,58,2
2,48,2
3,144,2
4,83,2
5,34,2
6,79,2
7,84,2
8,140,2
9,52,2
0,112,9
1,120,9
2,91,9
3,60,9
4,152,9
5,34,9
6,74,9
7,69,9
8,32,9
9,52,9
0,69,10
1,87,10
2,105,10
3,40,10
4,98,10
5,86,10
6,105,10
7,106,10
8,36,10
9,64,10
0,47,13
1,125,13
2,119,13
3,104,13
4,62,13
5,62,13
6,62,13
7,67,13
8,76,13
9,72,13
0,85,11
1,41,11
2,116,11
3,34,11
4,88,11
5,54,11
6,84,11
7,170,11
8,55,11
9,68,11
0,34,17
1,27,17
2,54,17
3,64,17
4,140,17
5,61,17
6,164,17
7,88,17
8,69,17
9,96,17
0,79,0
1,47,0
2,86,0
3,179,0
4,77,0
5,47,0
6,100,0
7,31,0
8,72,0
9,78,0
0,39,3
1,52,3
2,66,3
3,144,3
4,57,3
5,88,3
6,99,3
7,68,3
8,91,3
9,92,3
0,168,16
1,41,16
2,68,16
3,76,16
4,82,16
5,96,16
6,64,16
7,73,16
8,46,16
9,83,16
0,115,15
1,84,15
2,56,15
3,108,15
4,96,15
5,83,15
6,48,15
7,79,15
8,109,15
9,20,15
0,132,7
1,32,7
2,42,7
3,55,7
4,91,7
5,59,7
6,120,7
7,87,7
8,81,7
9,98,7
0,72,5
1,52,5
2,120,5
3,148,5
4,49,5
5,54,5
6,48,5
7,90,5
8,117,5
9,48,5
0,77,8
1,23,8
2,28,8
3,90,8
4,90,8
5,93,8
6,51,8
7,100,8
8,178,8
9,67,8
0,166,6
1,44,6
2,116,6
3,36,6
4,83,6
5,46,6
6,79,6
7,68,6
8,97,6
9,61,6
0,52,13
1,127,13
2,84,13
3,100,13
4,60,13
5,92,13
6,102,13
7,90,13
8,51,13
9,38,13
0,69,2
1,94,2
2,116,2
3,67,2
4,42,2
5,64,2
6,70,2
7,130,2
8,57,2
9,87,2
0,213,19
1,79,19
2,44,19
3,64,19
4,31,19
5,91,19
6,108,19
7,46,19
8,72,19
9,47,19
0,124,1
1,108,1
2,72,1
3,39,1
4,61,1
5,54,1
6,63,1
7,67,1
8,96,1
9,112,1
0,134,5
1,48,5
2,46,5
3,56,5
4,84,5
5,90,5
6,68,5
7,114,5
8,100,5
9,56,5
0,38,14
1,50,14
2,76,14
3,58,14
4,148,14
5,92,14
6,34,14
7,115,14
8,147,14
9,39,14
0,51,11
1,122,11
2,94,11
3,49,11
4,112,11
5,68,11
6,59,11
7,44,11
8,122,11
9,76,11
0,43,9
1,109,9
2,60,9
3,55,9
4,39,9
5,192,9
6,78,9
7,80,9
8,69,9
9,72,9
0,64,17
1,60,17
2,64,17
3,72,17
4,136,17
5,36,17
6,88,17
7,64,17
8,86,17
9,127,17
0,44,18
1,88,18
2,57,18
3,135,18
4,56,18
5,133,18
6,30,18
7,45,18
8,80,18
9,129,18
0,124,12
1,44,12
2,91,12
3,94,12
4,130,12
5,61,12
6,101,12
7,36,12
8,20,12
9,95,12
0,78,7
1,92,7
2,88,7
3,68,7
4,60,7
5,143,7
6,74,7
7,104,7
8,40,7
9,49,7
0,192,6
1,58,6
2,148,6
3,80,6
4,29,6
5,58,6
6,52,6
7,85,6
8,59,6
9,36,6
0,63,0
1,96,0
2,146,0
3,75,0
4,88,0
5,74,0
6,52,0
7,52,0
8,85,0
9,66,0
0,85,3
1,91,3
2,37,3
3,80,3
4,101,3
5,88,3
6,60,3
7,57,3
8,84,3
9,113,3
0,118,4
1,114,4
2,69,4
3,64,4
4,40,4
5,124,4
6,43,4
7,65,4
8,120,4
9,39,4
0,90,16
1,80,16
2,40,16
3,144,16
4,26,16
5,148,16
6,23,16
7,61,16
8,140,16
9,44,16
0,114,8
1,60,8
2,80,8
3,69,8
4,66,8
5,94,8
6,63,8
7,77,8
8,56,8
9,116,8
0,125,15
1,32,15
2,167,15
3,43,15
4,111,15
5,50,15
6,93,15
7,53,15
8,45,15
9,76,15
0,72,10
1,37,10
2,82,10
3,104,10
4,132,10
5,80,10
6,63,10
7,104,10
8,67,10
9,55,10
0,34,2
1,62,2
2,84,2
3,62,2
4,100,2
5,125,2
6,93,2
7,103,2
8,44,2
9,88,2
0,87,6
1,136,6
2,81,6
3,28,6
4,34,6
5,99,6
6,114,6
7,76,6
8,48,6
9,92,6
0,82,19
1,140,19
2,80,19
3,68,19
4,41,19
5,43,19
6,130,19
7,49,19
8,99,19
9,65,19
0,120,14
1,37,14
2,111,14
3,60,14
4,44,14
5,76,14
6,156,14
7,48,14
8,51,14
9,94,14
0,58,18
1,103,18
2,25,18
3,143,18
4,156,18
5,52,18
6,43,18
7,63,18
8,104,18
9,50,18
0,75,5
1,126,5
2,88,5
3,25,5
4,87,5
5,84,5
6,67,5
7,91,5
8,109,5
9,44,5
0,56,16
1,44,16
2,91,16
3,73,16
4,68,16
5,24,16
6,67,16
7,104,16
8,216,16
9,52,16
0,52,8
1,52,8
2,44,8
3,104,8
4,42,8
5,64,8
6,72,8
7,90,8
8,119,8
9,159,8
0,79,10
1,71,10
2,96,10
3,42,10
4,106,10
5,126,10
6,68,10
7,80,10
8,44,10
9,84,10
0,56,4
1,43,4
2,66,4
3,57,4
4,110,4
5,72,4
6,147,4
7,68,4
8,96,4
9,81,4
0,22,0
1,100,0
2,122,0
3,133,0
4,88,0
5,51,0
6,50,0
7,89,0
8,85,0
9,55,0
0,94,17
1,110,17
2,83,17
3,136,17
4,59,17
5,80,17
6,63,17
7,39,17
8,80,17
9,52,17
0,68,3
1,72,3
2,49,3
3,43,3
4,100,3
5,60,3
6,82,3
7,83,3
8,142,3
9,97,3
0,92,9
1,144,9
2,167,9
3,55,9
4,89,9
5,28,9
6,120,9
7,27,9
8,41,9
9,33,9
0,89,1
1,92,1
2,68,1
3,81,1
4,85,1
5,48,1
6,76,1
7,100,1
8,56,1
9,99,1
0,125,11
1,62,11
2,64,11
3,59,11
4,52,11
5,99,11
6,93,11
7,120,11
8,79,11
9,43,11
0,56,7
1,92,7
2,84,7
3,81,7
4,201,7
5,84,7
6,76,7
7,49,7
8,29,7
9,44,7
0,127,13
1,22,13
2,84,13
3,36,13
4,104,13
5,130,13
6,112,13
7,88,13
8,48,13
9,44,13
0,57,15
1,87,15
2,108,15
3,53,15
4,76,15
5,107,15
6,85,15
7,34,15
8,72,15
9,117,15
0,29,12
1,54,12
2,82,12
3,91,12
4,68,12
5,96,12
6,95,12
7,83,12
8,134,12
9,64,12
0,65,18
1,96,18
2,72,18
3,70,18
4,65,18
5,139,18
6,30,18
7,92,18
8,80,18
9,88,18
0,40,4
1,15,4
2,56,4
3,129,4
4,90,4
5,107,4
6,153,4
7,61,4
8,61,4
9,84,4
0,100,0
1,44,0
2,186,0
3,44,0
4,31,0
5,72,0
6,39,0
7,40,0
8,158,0
9,82,0
0,64,12
1,52,12
2,87,12
3,52,12
4,90,12
5,59,12
6,61,12
7,151,12
8,115,12
9,64,12
0,72,17
1,98,17
2,64,17
3,147,17
4,101,17
5,52,17
6,103,17
7,40,17
8,48,17
9,71,17
0,46,7
1,115,7
2,63,7
3,32,7
4,58,7
5,80,7
6,79,7
7,45,7
8,126,7
9,152,7
0,92,3
1,59,3
2,51,3
3,76,3
4,67,3
5,75,3
6,186,3
7,40,3
8,104,3
9,48,3
0,58,5
1,56,5
2,52,5
3,50,5
4,123,5
5,90,5
6,93,5
7,116,5
8,103,5
9,56,5
0,68,11
1,124,11
2,88,11
3,68,11
4,64,11
5,100,11
6,92,11
7,49,11
8,40,11
9,104,11
0,51,14
1,53,14
2,152,14
3,80,14
4,58,14
5,76,14
6,37,14
7,137,14
8,76,14
9,76,14
0,40,15
1,112,15
2,52,15
3,64,15
4,78,15
5,41,15
6,130,15
7,47,15
8,107,15
9,125,15
0,89,19
1,83,19
2,79,19
3,56,19
4,94,19
5,87,19
6,119,19
7,68,19
8,25,19
9,96,19
0,39,16
1,40,16
2,52,16
3,97,16
4,71,16
5,60,16
6,52,16
7,93,16
8,84,16
9,208,16
0,165,1
1,52,1
2,24,1
3,45,1
4,102,1
5,28,1
6,99,1
7,41,1
8,130,1
9,108,1
0,124,8
1,44,8
2,38,8
3,52,8
4,118,8
5,24,8
6,135,8
7,61,8
8,69,8
9,129,8
0,56,10
1,58,10
2,103,10
3,88,10
4,53,10
5,132,10
6,49,10
7,141,10
8,58,10
9,58,10
0,79,2
1,75,2
2,59,2
3,38,2
4,95,2
5,153,2
6,32,2
7,92,2
8,114,2
9,59,2
0,101,9
1,78,9
2,72,9
3,106,9
4,48,9
5,81,9
6,78,9
7,78,9
8,81,9
9,72,9
0,88,6
1,88,6
2,66,6
3,83,6
4,83,6
5,97,6
6,84,6
7,94,6
8,72,6
9,42,6
0,92,13
1,88,13
2,68,13
3,71,13
4,128,13
5,55,13
6,124,13
7,36,13
8,84,13
9,50,13
0,45,7
1,101,7
2,36,7
3,82,7
4,34,7
5,79,7
6,70,7
7,72,7
8,156,7
9,122,7
0,115,9
1,26,9
2,159,9
3,45,9
4,59,9
5,72,9
6,118,9
7,58,9
8,47,9
9,98,9
0,192,8
1,61,8
2,100,8
3,40,8
4,48,8
5,92,8
6,104,8
7,49,8
8,56,8
9,55,8
0,63,3
1,84,3
2,98,3
3,94,3
4,34,3
5,88,3
6,127,3
7,75,3
8,84,3
9,50,3
0,128,0
1,112,0
2,85,0
3,70,0
4,125,0
5,49,0
6,72,0
7,65,0
8,45,0
9,44,0
0,145,14
1,92,14
2,76,14
3,86,14
4,80,14
5,50,14
6,76,14
7,56,14
8,68,14
9,66,14
0,91,6
1,104,6
2,84,6
3,74,6
4,62,6
5,47,6
6,26,6
7,112,6
8,72,6
9,125,6
0,57,4
1,72,4
2,192,4
3,50,4
4,51,4
5,52,4
6,36,4
7,97,4
8,126,4
9,64,4
0,146,19
1,56,19
2,78,19
3,67,19
4,56,19
5,81,19
6,65,19
7,72,19
8,120,19
9,54,19
0,184,1
1,90,1
2,39,1
3,80,1
4,48,1
5,82,1
6,64,1
7,54,1
8,99,1
9,57,1
0,84,13
1,84,13
2,103,13
3,58,13
4,35,13
5,67,13
6,27,13
7,160,13
8,146,13
9,32,13
0,28,2
1,81,2
2,176,2
3,112,2
4,21,2
5,51,2
6,185,2
7,72,2
8,20,2
9,50,2
0,157,17
1,36,17
2,91,17
3,55,17
4,157,17
5,59,17
6,46,17
7,99,17
8,48,17
9,49,17
0,53,18
1,100,18
2,101,18
3,28,18
4,140,18
5,97,18
6,115,18
7,57,18
8,41,18
9,63,18
0,60,12
1,61,12
2,102,12
3,69,12
4,88,12
5,110,12
6,102,12
7,48,12
8,67,12
9,89,12
0,98,15
1,41,15
2,58,15
3,74,15
4,74,15
5,77,15
6,102,15
7,120,15
8,99,15
9,53,15
0,26,11
1,87,11
2,73,11
3,118,11
4,57,11
5,58,11
6,128,11
7,51,11
8,132,11
9,65,11
0,107,10
1,106,10
2,20,10
3,102,10
4,117,10
5,24,10
6,109,10
7,126,10
8,46,10
9,39,10
0,60,16
1,101,16
2,108,16
3,66,16
4,40,16
5,69,16
6,112,16
7,86,16
8,55,16
9,98,16
0,56,5
1,54,5
2,102,5
3,81,5
4,80,5
5,48,5
6,167,5
7,106,5
8,66,5
9,36,5
