0,28,0
1,109,0
2,152,0
3,42,0
4,56,0
5,36,0
6,91,0
7,142,0
8,112,0
9,28,0
0,42,11
1,56,11
2,103,11
3,74,11
4,82,11
5,90,11
6,79,11
7,86,11
8,36,11
9,148,11
0,77,8
1,78,8
2,110,8
3,69,8
4,33,8
5,107,8
6,52,8
7,99,8
8,111,8
9,60,8
0,66,12
1,46,12
2,91,12
3,44,12
4,131,12
5,83,12
6,40,12
7,75,12
8,132,12
9,88,12
0,72,7
1,47,7
2,94,7
3,76,7
4,100,7
5,84,7
6,112,7
7,37,7
8,80,7
9,93,7
0,75,1
1,109,1
2,93,1
3,49,1
4,76,1
5,69,1
6,36,1
7,118,1
8,102,1
9,69,1
0,50,10
1,87,10
2,84,10
3,132,10
4,59,10
5,49,10
6,105,10
7,88,10
8,63,10
9,79,10
0,24,2
1,100,2
2,42,2
3,101,2
4,19,2
5,40,2
6,92,2
7,136,2
8,187,2
9,55,2
0,75,5
1,27,5
2,64,5
3,103,5
4,73,5
5,76,5
6,38,5
7,104,5
8,117,5
9,118,5
0,56,13
1,36,13
2,128,13
3,109,13
4,84,13
5,92,13
6,29,13
7,86,13
8,109,13
9,67,13
0,86,0
1,101,0
2,101,0
3,62,0
4,82,0
5,88,0
6,95,0
7,96,0
8,20,0
9,66,0
0,45,19
1,48,19
2,23,19
3,44,19
4,137,19
5,60,19
6,79,19
7,192,19
8,127,19
9,41,19
0,69,16
1,44,16
2,47,16
3,91,16
4,96,16
5,56,16
6,90,16
7,108,16
8,146,16
9,48,16
0,78,14
1,35,14
2,59,14
3,42,14
4,114,14
5,152,14
6,74,14
7,66,14
8,127,14
9,50,14
0,37,18
1,56,18
2,45,18
3,76,18
4,79,18
5,151,18
6,96,18
7,76,18
8,79,18
9,100,18
0,122,17
1,83,17
2,102,17
3,55,17
4,44,17
5,46,17
6,83,17
7,122,17
8,93,17
9,47,17
0,111,15
1,55,15
2,108,15
3,99,15
4,136,15
5,62,15
6,32,15
7,51,15
8,90,15
9,53,15
0,30,3
1,44,3
2,82,3
3,28,3
4,127,3
5,116,3
6,80,3
7,55,3
8,120,3
9,114,3
0,69,6
1,91,6
2,30,6
3,34,6
4,92,6
5,140,6
6,85,6
7,60,6
8,82,6
9,112,6
0,109,9
1,88,9
2,79,9
3,90,9
4,47,9
5,50,9
6,99,9
7,88,9
8,17,9
9,129,9
0,49,4
1,101,4
2,77,4
3,98,4
4,76,4
5,114,4
6,54,4
7,108,4
8,69,4
9,49,4
0,43,18
1,101,18
2,81,18
3,20,18
4,104,18
5,88,18
6,96,18
7,100,18
8,32,18
9,129,18
0,82,2
1,54,2
2,132,2
3,49,2
4,54,2
5,76,2
6,94,2
7,68,2
8,72,2
9,114,2
0,129,6
1,32,6
2,104,6
3,54,6
4,75,6
5,58,6
6,60,6
7,139,6
8,56,6
9,88,6
0,96,5
1,102,5
2,97,5
3,140,5
4,52,5
5,40,5
6,63,5
7,99,5
8,90,5
9,18,5
0,24,1
1,74,1
2,116,1
3,96,1
4,35,1
5,67,1
6,88,1
7,93,1
8,146,1
9,58,1
0,17,7
1,61,7
2,68,7
3,96,7
4,121,7
5,36,7
6,128,7
7,50,7
8,87,7
9,132,7
0,149,0
1,109,0
2,40,0
3,36,0
4,100,0
5,48,0
6,40,0
7,103,0
8,80,0
9,89,0
0,63,16
1,70,16
2,38,16
3,64,16
4,78,16
5,60,16
6,104,16
7,107,16
8,44,16
9,169,16
0,176,12
1,117,12
2,68,12
3,119,12
4,29,12
5,96,12
6,35,12
7,62,12
8,48,12
9,46,12
0,59,10
1,137,10
2,68,10
3,90,10
4,72,10
5,24,10
6,32,10
7,52,10
8,113,10
9,149,10
0,111,19
1,62,19
2,100,19
3,73,19
4,81,19
5,77,19
6,88,19
7,92,19
8,92,19
9,21,19
0,44,11
1,116,11
2,68,11
3,144,11
4,108,11
5,96,11
6,44,11
7,64,11
8,33,11
9,80,11
0,81,14
1,32,14
2,106,14
3,86,14
4,91,14
5,81,14
6,39,14
7,105,14
8,132,14
9,43,14
0,36,8
1,72,8
2,48,8
3,77,8
4,93,8
5,93,8
6,81,8
7,84,8
8,80,8
9,131,8
0,155,15
1,44,15
2,44,15
3,57,15
4,89,15
5,100,15
6,123,15
7,97,15
8,43,15
9,44,15
0,104,3
1,122,3
2,83,3
3,96,3
4,67,3
5,65,3
6,77,3
7,56,3
8,92,3
9,36,3
0,63,4
1,120,4
2,70,4
3,53,4
4,45,4
5,72,4
6,64,4
7,170,4
8,113,4
9,26,4
0,67,13
1,35,13
2,61,13
3,79,13
4,78,13
5,60,13
6,57,13
7,116,13
8,134,13
9,109,13
0,84,17
1,62,17
2,72,17
3,32,17
4,40,17
5,133,17
6,53,17
7,156,17
8,107,17
9,56,17
0,75,9
1,35,9
2,95,9
3,68,9
4,142,9
5,88,9
6,89,9
7,20,9
8,82,9
9,103,9
0,82,18
1,119,18
2,61,18
3,97,18
4,112,18
5,52,18
6,114,18
7,24,18
8,94,18
9,41,18
0,68,15
1,120,15
2,12,15
3,57,15
4,56,15
5,37,15
6,167,15
7,91,15
8,72,15
9,116,15
0,88,7
1,101,7
2,73,7
3,24,7
4,106,7
5,96,7
6,74,7
7,92,7
8,45,7
9,96,7
0,91,0
1,83,0
2,112,0
3,128,0
4,73,0
5,58,0
6,64,0
7,62,0
8,76,0
9,50,0
0,52,8
1,133,8
2,108,8
3,61,8
4,72,8
5,42,8
6,93,8
7,111,8
8,73,8
9,51,8
0,61,10
1,135,10
2,32,10
3,145,10
4,57,10
5,40,10
6,92,10
7,47,10
8,94,10
9,93,10
0,45,2
1,100,2
2,144,2
3,76,2
4,84,2
5,70,2
6,81,2
7,38,2
8,97,2
9,61,2
0,84,5
1,144,5
2,60,5
3,24,5
4,44,5
5,109,5
6,64,5
7,52,5
8,78,5
9,136,5
0,61,6
1,51,6
2,86,6
3,69,6
4,76,6
5,111,6
6,141,6
7,132,6
8,43,6
9,25,6
0,53,14
1,72,14
2,102,14
3,93,14
4,101,14
5,132,14
6,36,14
7,51,14
8,36,14
9,119,14
0,50,11
1,130,11
2,82,11
3,82,11
4,69,11
5,16,11
6,140,11
7,73,11
8,83,11
9,71,11
0,64,19
1,72,19
2,53,19
3,74,19
4,108,19
5,108,19
6,96,19
7,81,19
8,87,19
9,54,19
0,69,9
1,79,9
2,52,9
3,88,9
4,110,9
5,71,9
6,85,9
7,118,9
8,72,9
9,52,9
0,115,4
1,101,4
2,88,4
3,88,4
4,20,4
5,92,4
6,88,4
7,86,4
8,20,4
9,99,4
0,35,1
1,85,1
2,94,1
3,85,1
4,85,1
5,147,1
6,52,1
7,52,1
8,74,1
9,88,1
0,66,17
1,47,17
2,80,17
3,132,17
4,120,17
5,86,17
6,56,17
7,53,17
8,83,17
9,75,17
0,107,13
1,43,13
2,108,13
3,96,13
4,117,13
5,161,13
6,36,13
7,35,13
8,39,13
9,55,13
0,100,12
1,68,12
2,48,12
3,52,12
4,36,12
5,112,12
6,53,12
7,147,12
8,82,12
9,99,12
0,103,3
1,63,3
2,125,3
3,40,3
4,67,3
5,100,3
6,99,3
7,56,3
8,134,3
9,10,3
0,149,16
1,65,16
2,48,16
3,110,16
4,76,16
5,105,16
6,56,16
7,69,16
8,28,16
9,91,16
0,47,5
1,74,5
2,110,5
3,95,5
4,100,5
5,24,5
6,78,5
7,65,5
8,137,5
9,65,5
0,58,10
1,129,10
2,80,10
3,123,10
4,100,10
5,98,10
6,62,10
7,44,10
8,70,10
9,32,10
0,171,14
1,46,14
2,52,14
3,48,14
4,67,14
5,118,14
6,86,14
7,19,14
8,142,14
9,48,14
0,52,12
1,93,12
2,152,12
3,40,12
4,76,12
5,129,12
6,75,12
7,80,12
8,20,12
9,77,12
0,112,11
1,73,11
2,47,11
3,109,11
4,80,11
5,44,11
6,116,11
7,36,11
8,50,11
9,130,11
0,133,19
1,56,19
2,65,19
3,75,19
4,77,19
5,69,19
6,84,19
7,52,19
8,68,19
9,116,19
0,98,8
1,148,8
2,36,8
3,77,8
4,95,8
5,136,8
6,65,8
7,68,8
8,25,8
9,47,8
0,108,1
1,110,1
2,33,1
3,68,1
4,24,1
5,155,1
6,48,1
7,77,1
8,119,1
9,55,1
0,32,6
1,53,6
2,98,6
3,151,6
4,98,6
5,112,6
6,63,6
7,43,6
8,76,6
9,70,6
0,85,2
1,25,2
2,143,2
3,44,2
4,58,2
5,108,2
6,76,2
7,90,2
8,116,2
9,50,2
0,99,17
1,33,17
2,44,17
3,140,17
4,47,17
5,60,17
6,90,17
7,44,17
8,70,17
9,170,17
0,48,13
1,27,13
2,52,13
3,26,13
4,122,13
5,178,13
6,55,13
7,95,13
8,70,13
9,124,13
0,41,18
1,16,18
2,256,18
3,47,18
4,29,18
5,80,18
6,94,18
7,80,18
8,112,18
9,40,18
0,98,15
1,90,15
2,59,15
3,96,15
4,36,15
5,123,15
6,35,15
7,56,15
8,83,15
9,120,15
0,153,9
1,39,9
2,73,9
3,36,9
4,48,9
5,59,9
6,48,9
7,116,9
8,92,9
9,132,9
0,100,0
1,39,0
2,95,0
3,87,0
4,72,0
5,28,0
6,143,0
7,119,0
8,88,0
9,25,0
0,96,3
1,49,3
2,68,3
3,126,3
4,72,3
5,56,3
6,41,3
7,115,3
8,44,3
9,129,3
0,191,7
1,80,7
2,28,7
3,110,7
4,54,7
5,99,7
6,80,7
7,40,7
8,53,7
9,61,7
0,75,16
1,26,16
2,68,16
3,85,16
4,64,16
5,149,16
6,107,16
7,65,16
8,120,16
9,37,16
0,56,4
1,42,4
2,112,4
3,64,4
4,62,4
5,68,4
6,19,4
7,21,4
8,111,4
9,240,4
0,112,4
1,80,4
2,129,4
3,61,4
4,48,4
5,59,4
6,71,4
7,94,4
8,74,4
9,68,4
0,148,6
1,34,6
2,106,6
3,66,6
4,48,6
5,157,6
6,116,6
7,42,6
8,36,6
9,43,6
0,88,16
1,100,16
2,112,16
3,138,16
4,64,16
5,84,16
6,50,16
7,52,16
8,68,16
9,40,16
0,61,8
1,113,8
2,78,8
3,60,8
4,24,8
5,87,8
6,115,8
7,71,8
8,68,8
9,120,8
0,79,17
1,33,17
2,80,17
3,48,17
4,60,17
5,124,17
6,31,17
7,201,17
8,111,17
9,29,17
0,32,13
1,139,13
2,124,13
3,60,13
4,63,13
5,60,13
6,61,13
7,116,13
8,72,13
9,69,13
0,70,0
1,72,0
2,97,0
3,138,0
4,46,0
5,99,0
6,46,0
7,52,0
8,62,0
9,114,0
0,48,19
1,101,19
2,69,19
3,44,19
4,82,19
5,38,19
6,116,19
7,127,19
8,76,19
9,95,19
0,118,3
1,31,3
2,52,3
3,113,3
4,79,3
5,64,3
6,64,3
7,44,3
8,88,3
9,143,3
0,21,11
1,48,11
2,52,11
3,101,11
4,72,11
5,96,11
6,51,11
7,214,11
8,90,11
9,50,11
0,38,15
1,53,15
2,66,15
3,44,15
4,80,15
5,100,15
6,51,15
7,150,15
8,135,15
9,79,15
0,36,18
1,161,18
2,97,18
3,52,18
4,70,18
5,72,18
6,107,18
7,66,18
8,58,18
9,78,18
0,46,9
1,60,9
2,143,9
3,104,9
4,45,9
5,30,9
6,94,9
7,104,9
8,88,9
9,83,9
0,65,2
1,85,2
2,90,2
3,84,2
4,110,2
5,92,2
6,40,2
7,101,2
8,62,2
9,66,2
0,62,1
1,63,1
2,24,1
3,63,1
4,75,1
5,77,1
6,45,1
7,99,1
8,121,1
9,167,1
0,63,12
1,30,12
2,64,12
3,60,12
4,64,12
5,120,12
6,51,12
7,167,12
8,74,12
9,103,12
0,139,5
1,63,5
2,34,5
3,68,5
4,22,5
5,152,5
6,58,5
7,93,5
8,27,5
9,141,5
0,66,10
1,94,10
2,110,10
3,119,10
4,32,10
5,31,10
6,105,10
7,26,10
8,153,10
9,60,10
0,70,14
1,82,14
2,110,14
3,133,14
4,92,14
5,96,14
6,37,14
7,68,14
8,60,14
9,48,14
0,44,7
1,141,7
2,152,7
3,64,7
4,36,7
5,96,7
6,118,7
7,56,7
8,40,7
9,50,7
0,42,12
1,92,12
2,134,12
3,25,12
4,61,12
5,54,12
6,86,12
7,184,12
8,74,12
9,44,12
0,84,19
1,119,19
2,71,19
3,54,19
4,107,19
5,64,19
6,76,19
7,60,19
8,112,19
9,50,19
0,97,10
1,85,10
2,32,10
3,81,10
4,95,10
5,32,10
6,160,10
7,97,10
8,66,10
9,50,10
0,120,11
1,15,11
2,91,11
3,54,11
4,57,11
5,81,11
6,93,11
7,103,11
8,141,11
9,41,11
0,73,5
1,164,5
2,51,5
3,51,5
4,63,5
5,82,5
6,76,5
7,76,5
8,80,5
9,80,5
0,75,6
1,210,6
2,46,6
3,82,6
4,83,6
5,47,6
6,28,6
7,81,6
8,72,6
9,72,6
0,60,8
1,67,8
2,67,8
3,86,8
4,88,8
5,54,8
6,92,8
7,123,8
8,100,8
9,58,8
0,44,16
1,52,16
2,140,16
3,84,16
4,86,16
5,72,16
6,44,16
7,114,16
8,85,16
9,74,16
0,115,15
1,42,15
2,50,15
3,113,15
4,125,15
5,61,15
6,168,15
7,8,15
8,74,15
9,40,15
0,72,7
1,92,7
2,80,7
3,50,7
4,39,7
5,106,7
6,78,7
7,183,7
8,55,7
9,42,7
0,126,17
1,159,17
2,70,17
3,64,17
4,38,17
5,23,17
6,54,17
7,64,17
8,84,17
9,113,17
0,107,18
1,36,18
2,99,18
3,84,18
4,64,18
5,39,18
6,43,18
7,129,18
8,114,18
9,81,18
0,41,14
1,74,14
2,84,14
3,104,14
4,108,14
5,86,14
6,47,14
7,100,14
8,68,14
9,84,14
0,62,2
1,48,2
2,78,2
3,124,2
4,81,2
5,141,2
6,96,2
7,39,2
8,53,2
9,74,2
0,30,1
1,67,1
2,88,1
3,48,1
4,106,1
5,105,1
6,90,1
7,114,1
8,97,1
9,52,1
0,80,9
1,43,9
2,83,9
3,71,9
4,143,9
5,72,9
6,94,9
7,57,9
8,96,9
9,59,9
0,78,13
1,51,13
2,80,13
3,125,13
4,128,13
5,36,13
6,9,13
7,150,13
8,93,13
9,46,13
0,81,4
1,87,4
2,68,4
3,141,4
4,53,4
5,108,4
6,46,4
7,100,4
8,28,4
9,84,4
0,70,0
1,82,0
2,41,0
3,49,0
4,76,0
5,144,0
6,151,0
7,54,0
8,96,0
9,33,0
0,128,3
1,100,3
2,49,3
3,86,3
4,55,3
5,96,3
6,81,3
7,78,3
8,64,3
9,58,3
0,74,5
1,111,5
2,68,5
3,135,5
4,43,5
5,45,5
6,75,5
7,112,5
8,40,5
9,94,5
0,113,15
1,29,15
2,83,15
3,72,15
4,89,15
5,57,15
6,92,15
7,68,15
8,130,15
9,61,15
0,42,0
1,115,0
2,105,0
3,133,0
4,52,0
5,119,0
6,20,0
7,61,0
8,59,0
9,89,0
0,96,7
1,46,7
2,24,7
3,110,7
4,53,7
5,51,7
6,73,7
7,69,7
8,142,7
9,132,7
0,120,12
1,37,12
2,29,12
3,76,12
4,58,12
5,78,12
6,168,12
7,66,12
8,69,12
9,93,12
0,55,19
1,89,19
2,82,19
3,82,19
4,72,19
5,99,19
6,89,19
7,120,19
8,43,19
9,64,19
0,81,9
1,75,9
2,68,9
3,122,9
4,49,9
5,58,9
6,80,9
7,88,9
8,80,9
9,95,9
0,69,14
1,107,14
2,24,14
3,67,14
4,100,14
5,29,14
6,149,14
7,68,14
8,104,14
9,79,14
0,90,6
1,70,6
2,78,6
3,60,6
4,92,6
5,93,6
6,108,6
7,40,6
8,37,6
9,128,6
0,103,3
1,65,3
2,37,3
3,120,3
4,64,3
5,64,3
6,96,3
7,79,3
8,29,3
9,139,3
0,52,1
1,112,1
2,126,1
3,49,1
4,50,1
5,62,1
6,104,1
7,98,1
8,50,1
9,93,1
0,68,4
1,71,4
2,85,4
3,54,4
4,136,4
5,53,4
6,52,4
7,176,4
8,84,4
9,16,4
0,116,11
1,76,11
2,81,11
3,65,11
4,81,11
5,57,11
6,44,11
7,28,11
8,76,11
9,169,11
0,113,16
1,61,16
2,76,16
3,60,16
4,61,16
5,51,16
6,86,16
7,52,16
8,159,16
9,77,16
0,57,10
1,105,10
2,88,10
3,60,10
4,84,10
5,107,10
6,76,10
7,63,10
8,95,10
9,60,10
0,35,2
1,96,2
2,111,2
3,90,2
4,52,2
5,74,2
6,68,2
7,71,2
8,100,2
9,100,2
0,143,18
1,39,18
2,173,18
3,57,18
4,68,18
5,100,18
6,83,18
7,36,18
8,30,18
9,67,18
0,86,17
1,42,17
2,62,17
3,70,17
4,114,17
5,81,17
6,102,17
7,78,17
8,110,17
9,51,17
0,124,13
1,48,13
2,88,13
3,72,13
4,102,13
5,48,13
6,64,13
7,91,13
8,111,13
9,47,13
0,92,8
1,56,8
2,98,8
3,90,8
4,36,8
5,133,8
6,89,8
7,57,8
8,78,8
9,65,8
0,88,5
1,64,5
2,53,5
3,62,5
4,113,5
5,63,5
6,28,5
7,29,5
8,125,5
9,171,5
0,94,13
1,66,13
2,56,13
3,144,13
4,136,13
5,60,13
6,44,13
7,24,13
8,76,13
9,95,13
0,75,1
1,84,1
2,23,1
3,40,1
4,99,1
5,37,1
6,68,1
7,96,1
8,147,1
9,128,1
0,39,14
1,98,14
2,33,14
3,18,14
4,63,14
5,111,14
6,153,14
7,65,14
8,37,14
9,179,14
0,42,3
1,95,3
2,116,3
3,104,3
4,74,3
5,72,3
6,36,3
7,105,3
8,68,3
9,84,3
0,52,9
1,169,9
2,118,9
3,71,9
4,46,9
5,54,9
6,117,9
7,59,9
8,60,9
9,49,9
0,88,0
1,38,0
2,70,0
3,116,0
4,88,0
5,40,0
6,68,0
7,132,0
8,108,0
9,49,0
0,93,10
1,40,10
2,99,10
3,82,10
4,66,10
5,60,10
6,68,10
7,88,10
8,91,10
9,109,10
0,108,8
1,49,8
2,88,8
3,62,8
4,81,8
5,72,8
6,66,8
7,84,8
8,112,8
9,73,8
0,43,16
1,145,16
2,75,16
3,53,16
4,96,16
5,80,16
6,42,16
7,102,16
8,42,16
9,117,16
0,42,15
1,85,15
2,84,15
3,32,15
4,56,15
5,56,15
6,185,15
7,146,15
8,64,15
9,45,15
0,84,11
1,141,11
2,72,11
3,141,11
4,33,11
5,41,11
6,46,11
7,55,11
8,92,11
9,89,11
0,69,19
1,41,19
2,160,19
3,38,19
4,120,19
5,71,19
6,69,19
7,68,19
8,85,19
9,76,19
0,78,18
1,128,18
2,77,18
3,101,18
4,32,18
5,69,18
6,108,18
7,92,18
8,83,18
9,28,18
0,62,2
1,73,2
2,16,2
3,103,2
4,138,2
5,56,2
6,52,2
7,140,2
8,79,2
9,79,2
0,121,17
1,75,17
2,51,17
3,30,17
4,122,17
5,94,17
6,16,17
7,57,17
8,72,17
9,159,17
0,36,12
1,61,12
2,47,12
3,124,12
4,55,12
5,31,12
6,80,12
7,98,12
8,78,12
9,187,12
0,72,6
1,111,6
2,90,6
3,118,6
4,87,6
5,58,6
6,65,6
7,84,6
8,27,6
9,85,6
0,98,7
1,25,7
2,80,7
3,90,7
4,148,7
5,60,7
6,88,7
7,75,7
8,87,7
9,45,7
0,139,4
1,84,4
2,98,4
3,56,4
4,56,4
5,80,4
6,120,4
7,65,4
8,78,4
9,21,4
0,97,2
1,57,2
2,55,2
3,51,2
4,130,2
5,58,2
6,75,2
7,92,2
8,89,2
9,92,2
0,93,1
1,36,1
2,67,1
3,42,1
4,63,1
5,112,1
6,108,1
7,127,1
8,99,1
9,50,1
0,124,9
1,116,9
2,122,9
3,84,9
4,56,9
5,68,9
6,65,9
7,48,9
8,31,9
9,83,9
0,100,10
1,88,10
2,45,10
3,168,10
4,18,10
5,79,10
6,84,10
7,96,10
8,62,10
9,56,10
0,86,5
1,28,5
2,69,5
3,68,5
4,93,5
5,52,5
6,119,5
7,83,5
8,50,5
9,147,5
0,80,3
1,52,3
2,60,3
3,48,3
4,170,3
5,109,3
6,52,3
7,115,3
8,72,3
9,40,3
0,123,19
1,47,19
2,59,19
3,124,19
4,95,19
5,56,19
6,74,19
7,112,19
8,91,19
9,16,19
0,108,12
1,50,12
2,168,12
3,100,12
4,81,12
5,62,12
6,64,12
7,56,12
8,36,12
9,70,12
0,88,17
1,84,17
2,116,17
3,127,17
4,46,17
5,62,17
6,51,17
7,75,17
8,96,17
9,52,17
0,61,7
1,85,7
2,70,7
3,25,7
4,144,7
5,78,7
6,90,7
7,85,7
8,78,7
9,80,7
0,60,15
1,100,15
2,60,15
3,72,15
4,102,15
5,72,15
6,79,15
7,48,15
8,130,15
9,72,15
0,90,0
1,74,0
2,99,0
3,88,0
4,68,0
5,63,0
6,56,0
7,112,0
8,52,0
9,96,0
0,72,8
1,38,8
2,68,8
3,36,8
4,140,8
5,63,8
6,118,8
7,54,8
8,53,8
9,154,8
0,38,13
1,131,13
2,31,13
3,124,13
4,92,13
5,40,13
6,138,13
7,67,13
8,102,13
9,34,13
0,90,14
1,87,14
2,102,14
3,78,14
4,88,14
5,52,14
6,113,14
7,97,14
8,56,14
9,32,14
0,87,6
1,52,6
2,74,6
3,114,6
4,59,6
5,36,6
6,112,6
7,127,6
8,36,6
9,100,6
0,97,16
1,47,16
2,60,16
3,28,16
4,60,16
5,78,16
6,68,16
7,179,16
8,101,16
9,77,16
0,89,18
1,120,18
2,99,18
3,57,18
4,45,18
5,96,18
6,40,18
7,76,18
8,97,18
9,76,18
0,52,11
1,37,11
2,82,11
3,52,11
4,171,11
5,84,11
6,36,11
7,120,11
8,70,11
9,92,11
0,77,4
1,168,4
2,96,4
3,135,4
4,24,4
5,38,4
6,95,4
7,52,4
8,71,4
9,40,4
0,40,9
1,88,9
2,121,9
3,85,9
4,99,9
5,40,9
6,49,9
7,73,9
8,90,9
9,111,9
0,66,14
1,36,14
2,60,14
3,120,14
4,107,14
5,44,14
6,96,14
7,100,14
8,64,14
9,102,14
0,41,15
1,98,15
2,48,15
3,63,15
4,119,15
5,81,15
6,112,15
7,76,15
8,13,15
9,144,15
0,98,1
1,55,1
2,40,1
3,177,1
4,100,1
5,69,1
6,24,1
7,78,1
8,77,1
9,78,1
0,102,6
1,136,6
2,81,6
3,55,6
4,57,6
5,148,6
6,31,6
7,117,6
8,46,6
9,22,6
0,84,17
1,95,17
2,110,17
3,59,17
4,90,17
5,47,17
6,116,17
7,87,17
8,94,17
9,15,17
0,92,3
1,93,3
2,95,3
3,117,3
4,52,3
5,68,3
6,73,3
7,65,3
8,96,3
9,45,3
0,85,10
1,84,10
2,87,10
3,112,10
4,76,10
5,40,10
6,57,10
7,62,10
8,137,10
9,56,10
0,39,18
1,90,18
2,116,18
3,60,18
4,31,18
5,84,18
6,86,18
7,148,18
8,61,18
9,80,18
0,112,13
1,109,13
2,93,13
3,62,13
4,61,13
5,59,13
6,139,13
7,56,13
8,48,13
9,56,13
0,88,4
1,157,4
2,89,4
3,48,4
4,77,4
5,41,4
6,60,4
7,82,4
8,93,4
9,60,4
0,50,2
1,108,2
2,57,2
3,46,2
4,92,2
5,36,2
6,60,2
7,94,2
8,108,2
9,145,2
0,72,11
1,120,11
2,53,11
3,44,11
4,40,11
5,144,11
6,74,11
7,60,11
8,77,11
9,112,11
0,118,12
1,105,12
2,136,12
3,80,12
4,57,12
5,32,12
6,81,12
7,48,12
8,72,12
9,68,12
0,107,8
1,144,8
2,56,8
3,52,8
4,149,8
5,63,8
6,117,8
7,29,8
8,33,8
9,46,8
0,81,7
1,36,7
2,124,7
3,53,7
4,40,7
5,81,7
6,79,7
7,82,7
8,87,7
9,133,7
0,89,19
1,135,19
2,88,19
3,117,19
4,68,19
5,36,19
6,79,19
7,72,19
8,58,19
9,54,19
0,48,0
1,85,0
2,39,0
3,100,0
4,83,0
5,128,0
6,96,0
7,46,0
8,84,0
9,88,0
0,96,5
1,84,5
2,76,5
3,39,5
4,76,5
5,59,5
6,58,5
7,102,5
8,144,5
9,61,5
0,113,16
1,90,16
2,46,16
3,63,16
4,36,16
5,54,16
6,67,16
7,136,16
8,146,16
9,45,16
0,83,14
1,60,14
2,117,14
3,36,14
4,46,14
5,102,14
6,78,14
7,92,14
8,94,14
9,87,14
0,58,7
1,113,7
2,80,7
3,57,7
4,28,7
5,63,7
6,73,7
7,104,7
8,111,7
9,109,7
0,91,10
1,55,10
2,29,10
3,72,10
4,100,10
5,102,10
6,84,10
7,88,10
8,66,10
9,110,10
0,239,9
1,40,9
2,119,9
3,70,9
4,78,9
5,58,9
6,38,9
7,37,9
8,69,9
9,48,9
0,64,18
1,66,18
2,43,18
3,102,18
4,68,18
5,56,18
6,85,18
7,148,18
8,91,18
9,73,18
0,60,3
1,96,3
2,43,3
3,62,3
4,33,3
5,139,3
6,155,3
7,48,3
8,64,3
9,96,3
0,65,19
1,89,19
2,25,19
3,47,19
4,137,19
5,28,19
6,153,19
7,93,19
8,84,19
9,75,19
0,66,11
1,105,11
2,18,11
3,51,11
4,140,11
5,81,11
6,143,11
7,83,11
8,71,11
9,38,11
0,77,0
1,20,0
2,126,0
3,48,0
4,82,0
5,160,0
6,47,0
7,46,0
8,71,0
9,120,0
0,25,13
1,100,13
2,71,13
3,99,13
4,83,13
5,88,13
6,132,13
7,13,13
8,100,13
9,86,13
0,44,17
1,74,17
2,137,17
3,70,17
4,44,17
5,81,17
6,139,17
7,75,17
8,88,17
9,44,17
0,122,4
1,68,4
2,16,4
3,75,4
4,83,4
5,66,4
6,132,4
7,25,4
8,107,4
9,104,4
0,80,15
1,130,15
2,121,15
3,44,15
4,56,15
5,55,15
6,78,15
7,89,15
8,59,15
9,84,15
0,93,8
1,88,8
2,116,8
3,36,8
4,31,8
5,131,8
6,37,8
7,106,8
8,79,8
9,80,8
0,38,16
1,100,16
2,124,16
3,48,16
4,123,16
5,75,16
6,76,16
7,112,16
8,24,16
9,76,16
0,67,6
1,67,6
2,49,6
3,122,6
4,145,6
5,68,6
6,61,6
7,57,6
8,65,6
9,94,6
0,54,5
1,39,5
2,112,5
3,88,5
4,64,5
5,68,5
6,142,5
7,84,5
8,32,5
9,114,5
0,140,2
1,108,2
2,56,2
3,44,2
4,59,2
5,81,2
6,138,2
7,108,2
8,20,2
9,41,2
0,76,1
1,76,1
2,104,1
3,127,1
4,88,1
5,72,1
6,65,1
7,45,1
8,76,1
9,67,1
0,78,12
1,58,12
2,68,12
3,43,12
4,114,12
5,90,12
6,70,12
7,76,12
8,64,12
9,135,12
0,147,8
1,27,8
2,61,8
3,61,8
4,88,8
5,22,8
6,143,8
7,131,8
8,88,8
9,29,8
0,64,9
1,80,9
2,64,9
3,86,9
4,61,9
5,140,9
6,56,9
7,58,9
8,87,9
9,100,9
0,72,14
1,33,14
2,89,14
3,99,14
4,64,14
5,140,14
6,57,14
7,93,14
8,39,14
9,108,14
0,66,17
1,96,17
2,96,17
3,189,17
4,112,17
5,78,17
6,42,17
7,55,17
8,28,17
9,34,17
0,88,15
1,77,15
2,121,15
3,60,15
4,81,15
5,59,15
6,127,15
7,112,15
8,37,15
9,34,15
0,54,4
1,43,4
2,72,4
3,82,4
4,118,4
5,128,4
6,56,4
7,58,4
8,84,4
9,100,4
0,92,2
1,44,2
2,110,2
3,86,2
4,114,2
5,74,2
6,34,2
7,78,2
8,59,2
9,104,2
0,68,13
1,44,13
2,66,13
3,98,13
4,58,13
5,221,13
6,82,13
7,65,13
8,30,13
9,64,13
0,65,0
1,34,0
2,138,0
3,56,0
4,138,0
5,115,0
6,80,0
7,24,0
8,85,0
9,60,0
0,69,18
1,99,18
2,39,18
3,76,18
4,179,18
5,34,18
6,111,18
7,80,18
8,57,18
9,52,18
0,52,16
1,80,16
2,124,16
3,56,16
4,132,16
5,96,16
6,67,16
7,50,16
8,23,16
9,116,16
0,77,10
1,59,10
2,81,10
3,94,10
4,101,10
5,107,10
6,81,10
7,76,10
8,49,10
9,70,10
0,43,7
1,89,7
2,80,7
3,86,7
4,99,7
5,65,7
6,45,7
7,150,7
8,72,7
9,68,7
0,29,5
1,128,5
2,83,5
3,115,5
4,47,5
5,28,5
6,149,5
7,79,5
8,92,5
9,47,5
0,116,6
1,101,6
2,144,6
3,48,6
4,144,6
5,67,6
6,40,6
7,32,6
8,47,6
9,56,6
0,96,11
1,37,11
2,81,11
3,99,11
4,25,11
5,79,11
6,80,11
7,140,11
8,75,11
9,84,11
0,144,12
1,86,12
2,56,12
3,61,12
4,106,12
5,48,12
6,62,12
7,82,12
8,85,12
9,66,12
0,88,3
1,113,3
2,131,3
3,93,3
4,89,3
5,52,3
6,36,3
7,124,3
8,22,3
9,48,3
0,65,19
1,69,19
2,79,19
3,100,19
4,88,19
5,116,19
6,113,19
7,45,19
8,61,19
9,60,19
0,84,1
1,27,1
2,27,1
3,80,1
4,84,1
5,142,1
6,144,1
7,49,1
8,100,1
9,59,1
0,143,11
1,54,11
2,72,11
3,96,11
4,70,11
5,135,11
6,38,11
7,74,11
8,87,11
9,28,11
0,100,4
1,104,4
2,70,4
3,95,4
4,97,4
5,74,4
6,104,4
7,17,4
8,44,4
9,92,4
0,86,1
1,112,1
2,49,1
3,23,1
4,50,1
5,100,1
6,92,1
7,72,1
8,93,1
9,120,1
0,84,2
1,75,2
2,62,2
3,45,2
4,108,2
5,35,2
6,54,2
7,60,2
8,137,2
9,136,2
0,101,18
1,42,18
2,136,18
3,60,18
4,100,18
5,68,18
6,33,18
7,105,18
8,94,18
9,58,18
0,72,7
1,43,7
2,100,7
3,69,7
4,88,7
5,80,7
6,100,7
7,81,7
8,68,7
9,94,7
0,57,3
1,80,3
2,154,3
3,108,3
4,103,3
5,57,3
6,53,3
7,70,3
8,71,3
9,44,3
0,84,0
1,148,0
2,66,0
3,76,0
4,56,0
5,65,0
6,162,0
7,53,0
8,31,0
9,56,0
0,70,12
1,47,12
2,102,12
3,140,12
4,98,12
5,60,12
6,60,12
7,130,12
8,13,12
9,76,12
0,91,5
1,57,5
2,74,5
3,136,5
4,36,5
5,35,5
6,52,5
7,143,5
8,120,5
9,52,5
0,76,10
1,48,10
2,118,10
3,50,10
4,27,10
5,190,10
6,14,10
7,124,10
8,99,10
9,51,10
0,48,16
1,31,16
2,89,16
3,80,16
4,149,16
5,58,16
6,65,16
7,111,16
8,80,16
9,85,16
0,36,8
1,39,8
2,103,8
3,76,8
4,88,8
5,241,8
6,33,8
7,72,8
8,24,8
9,85,8
0,124,19
1,125,19
2,25,19
3,136,19
4,81,19
5,40,19
6,76,19
7,25,19
8,72,19
9,90,19
0,92,15
1,103,15
2,92,15
3,58,15
4,55,15
5,100,15
6,105,15
7,27,15
8,70,15
9,94,15
0,117,13
1,143,13
2,37,13
3,85,13
4,45,13
5,14,13
6,59,13
7,61,13
8,209,13
9,25,13
0,138,14
1,40,14
2,56,14
3,108,14
4,39,14
5,92,14
6,76,14
7,56,14
8,30,14
9,160,14
0,53,9
1,68,9
2,44,9
3,60,9
4,103,9
5,126,9
6,91,9
7,63,9
8,115,9
9,74,9
0,48,6
1,110,6
2,76,6
3,37,6
4,115,6
5,126,6
6,116,6
7,87,6
8,62,6
9,20,6
0,52,17
1,74,17
2,113,17
3,49,17
4,69,17
5,65,17
6,92,17
7,65,17
8,88,17
9,127,17
0,32,10
1,40,10
2,109,10
3,48,10
4,90,10
5,122,10
6,68,10
7,64,10
8,156,10
9,68,10
0,72,3
1,28,3
2,51,3
3,74,3
4,117,3
5,129,3
6,63,3
7,58,3
8,61,3
9,144,3
0,55,17
1,124,17
2,139,17
3,36,17
4,151,17
5,60,17
6,34,17
7,76,17
8,72,17
9,49,17
0,143,0
1,136,0
2,61,0
3,69,0
4,48,0
5,59,0
6,60,0
7,77,0
8,80,0
9,64,0
0,100,13
1,130,13
2,72,13
3,108,13
4,78,13
5,50,13
6,36,13
7,74,13
8,26,13
9,121,13
0,112,12
1,72,12
2,113,12
3,48,12
4,25,12
5,148,12
6,98,12
7,13,12
8,45,12
9,120,12
0,45,18
1,88,18
2,80,18
3,92,18
4,117,18
5,79,18
6,84,18
7,56,18
8,52,18
9,102,18
0,79,15
1,122,15
2,40,15
3,49,15
4,116,15
5,80,15
6,87,15
7,92,15
8,61,15
9,70,15
0,41,9
1,75,9
2,63,9
3,108,9
4,89,9
5,136,9
6,47,9
7,42,9
8,115,9
9,80,9
0,37,19
1,108,19
2,103,19
3,152,19
4,115,19
5,63,19
6,24,19
7,41,19
8,76,19
9,77,19
0,99,1
1,91,1
2,112,1
3,82,1
4,113,1
5,44,1
6,52,1
7,95,1
8,55,1
9,53,1
0,155,6
1,131,6
2,73,6
3,57,6
4,52,6
5,80,6
6,36,6
7,96,6
8,49,6
9,67,6
0,93,11
1,40,11
2,144,11
3,42,11
4,66,11
5,116,11
6,55,11
7,114,11
8,65,11
9,61,11
0,97,5
1,47,5
2,36,5
3,99,5
4,168,5
5,17,5
6,90,5
7,72,5
8,92,5
9,77,5
0,58,14
1,49,14
2,65,14
3,104,14
4,53,14
5,68,14
6,124,14
7,89,14
8,76,14
9,109,14
0,84,8
1,58,8
2,25,8
3,126,8
4,42,8
5,81,8
6,62,8
7,164,8
8,76,8
9,78,8
0,68,16
1,101,16
2,102,16
3,115,16
4,40,16
5,46,16
6,90,16
7,92,16
8,74,16
9,68,16
0,52,2
1,159,2
2,100,2
3,58,2
4,72,2
5,47,2
6,108,2
7,125,2
8,53,2
9,23,2
0,65,4
1,84,4
2,58,4
3,73,4
4,99,4
5,90,4
6,56,4
7,93,4
8,146,4
9,32,4
0,139,7
1,128,7
2,94,7
3,27,7
4,94,7
5,60,7
6,39,7
7,80,7
8,48,7
9,88,7
0,138,17
1,44,17
2,75,17
3,66,17
4,52,17
5,100,17
6,102,17
7,72,17
8,60,17
9,87,17
0,40,10
1,80,10
2,112,10
3,98,10
4,107,10
5,98,10
6,92,10
7,42,10
8,60,10
9,68,10
0,128,8
1,56,8
2,92,8
3,24,8
4,60,8
5,35,8
6,49,8
7,112,8
8,136,8
9,104,8
0,108,1
1,43,1
2,130,1
3,74,1
4,53,1
5,39,1
6,103,1
7,53,1
8,40,1
9,153,1
0,44,0
1,45,0
2,70,0
3,73,0
4,125,0
5,103,0
6,80,0
7,123,0
8,78,0
9,55,0
0,42,11
1,95,11
2,99,11
3,89,11
4,61,11
5,52,11
6,41,11
7,36,11
8,131,11
9,150,11
0,71,19
1,140,19
2,32,19
3,74,19
4,43,19
5,98,19
6,78,19
7,54,19
8,69,19
9,137,19
0,60,16
1,93,16
2,136,16
3,89,16
4,87,16
5,96,16
6,84,16
7,76,16
8,53,16
9,22,16
0,43,15
1,217,15
2,19,15
3,25,15
4,60,15
5,28,15
6,81,15
7,79,15
8,122,15
9,122,15
0,80,14
1,57,14
2,42,14
3,92,14
4,136,14
5,85,14
6,75,14
7,48,14
8,92,14
9,91,14
0,56,12
1,78,12
2,135,12
3,59,12
4,84,12
5,156,12
6,91,12
7,39,12
8,72,12
9,28,12
0,86,5
1,100,5
2,93,5
3,104,5
4,64,5
5,74,5
6,96,5
7,64,5
8,75,5
9,40,5
0,105,6
1,51,6
2,113,6
3,74,6
4,103,6
5,114,6
6,29,6
7,80,6
8,76,6
9,50,6
0,115,3
1,55,3
2,82,3
3,70,3
4,160,3
5,64,3
6,118,3
7,54,3
8,61,3
9,18,3
0,42,18
1,150,18
2,122,18
3,86,18
4,67,18
5,49,18
6,104,18
7,51,18
8,67,18
9,58,18
0,72,13
1,88,13
2,96,13
3,161,13
4,56,13
5,27,13
6,38,13
7,28,13
8,172,13
9,58,13
0,29,9
1,76,9
2,104,9
3,104,9
4,48,9
5,124,9
6,105,9
7,27,9
8,38,9
9,140,9
0,64,2
1,93,2
2,80,2
3,60,2
4,114,2
5,68,2
6,72,2
7,81,2
8,81,2
9,81,2
0,52,7
1,56,7
2,128,7
3,122,7
4,64,7
5,51,7
6,97,7
7,61,7
8,69,7
9,96,7
0,208,4
1,41,4
2,57,4
3,15,4
4,40,4
5,50,4
6,50,4
7,81,4
8,118,4
9,136,4
0,44,10
1,111,10
2,56,10
3,164,10
4,130,10
5,22,10
6,83,10
7,50,10
8,103,10
9,35,10
0,170,13
1,46,13
2,40,13
3,55,13
4,65,13
5,71,13
6,92,13
7,92,13
8,100,13
9,65,13
0,57,12
1,51,12
2,116,12
3,80,12
4,48,12
5,104,12
6,74,12
7,115,12
8,71,12
9,80,12
0,121,7
1,68,7
2,29,7
3,80,7
4,70,7
5,61,7
6,154,7
7,102,7
8,30,7
9,80,7
0,38,0
1,82,0
2,95,0
3,97,0
4,60,0
5,60,0
6,73,0
7,62,0
8,132,0
9,96,0
0,62,6
1,68,6
2,54,6
3,117,6
4,82,6
5,56,6
6,77,6
7,122,6
8,60,6
9,96,6
0,72,5
1,92,5
2,44,5
3,36,5
4,137,5
5,112,5
6,26,5
7,152,5
8,96,5
9,28,5
0,36,9
1,68,9
2,186,9
3,43,9
4,80,9
5,136,9
6,64,9
7,116,9
8,21,9
9,47,9
0,164,14
1,104,14
2,27,14
3,45,14
4,59,14
5,81,14
6,130,14
7,88,14
8,43,14
9,56,14
0,31,15
1,74,15
2,53,15
3,48,15
4,124,15
5,108,15
6,80,15
7,132,15
8,88,15
9,58,15
0,82,18
1,64,18
2,53,18
3,107,18
4,89,18
5,23,18
6,64,18
7,168,18
8,60,18
9,86,18
0,98,1
1,20,1
2,117,1
3,80,1
4,52,1
5,78,1
6,67,1
7,133,1
8,66,1
9,85,1
0,39,8
1,52,8
2,41,8
3,51,8
4,95,8
5,100,8
6,25,8
7,162,8
8,193,8
9,37,8
0,124,17
1,116,17
2,72,17
3,52,17
4,90,17
5,32,17
6,89,17
7,99,17
8,64,17
9,56,17
0,112,16
1,62,16
2,135,16
3,41,16
4,83,16
5,108,16
6,60,16
7,66,16
8,55,16
9,75,16
0,38,3
1,104,3
2,112,3
3,87,3
4,67,3
5,75,3
6,36,3
7,128,3
8,96,3
9,53,3
0,51,2
1,104,2
2,110,2
3,60,2
4,76,2
5,68,2
6,121,2
7,63,2
8,62,2
9,83,2
0,44,4
1,96,4
2,108,4
3,48,4
4,52,4
5,90,4
6,84,4
7,83,4
8,100,4
9,92,4
0,88,19
1,56,19
2,58,19
3,67,19
4,175,19
5,126,19
6,45,19
7,64,19
8,60,19
9,56,19
0,108,11
1,62,11
2,56,11
3,60,11
4,89,11
5,97,11
6,64,11
7,55,11
8,72,11
9,135,11
0,97,18
1,135,18
2,148,18
3,35,18
4,50,18
5,31,18
6,36,18
7,96,18
8,81,18
9,87,18
0,98,6
1,52,6
2,88,6
3,31,6
4,64,6
5,95,6
6,124,6
7,74,6
8,85,6
9,85,6
0,118,16
1,100,16
2,70,16
3,40,16
4,99,16
5,120,16
6,62,16
7,67,16
8,69,16
9,52,16
0,48,1
1,90,1
2,68,1
3,76,1
4,104,1
5,50,1
6,152,1
7,93,1
8,68,1
9,47,1
0,20,12
1,78,12
2,40,12
3,133,12
4,67,12
5,161,12
6,76,12
7,42,12
8,85,12
9,94,12
0,65,8
1,108,8
2,104,8
3,68,8
4,52,8
5,78,8
6,47,8
7,50,8
8,86,8
9,138,8
0,50,15
1,84,15
2,68,15
3,106,15
4,122,15
5,80,15
6,66,15
7,112,15
8,35,15
9,73,15
0,44,9
1,114,9
2,76,9
3,106,9
4,77,9
5,57,9
6,88,9
7,104,9
8,80,9
9,50,9
0,97,4
1,120,4
2,49,4
3,83,4
4,116,4
5,72,4
6,70,4
7,34,4
8,87,4
9,68,4
0,52,7
1,127,7
2,76,7
3,68,7
4,68,7
5,88,7
6,127,7
7,69,7
8,24,7
9,97,7
0,29,17
1,54,17
2,129,17
3,64,17
4,64,17
5,60,17
6,124,17
7,76,17
8,81,17
9,114,17
0,108,10
1,51,10
2,102,10
3,45,10
4,69,10
5,62,10
6,39,10
7,116,10
8,88,10
9,116,10
0,112,14
1,83,14
2,20,14
3,104,14
4,50,14
5,35,14
6,160,14
7,98,14
8,100,14
9,35,14
0,28,13
1,79,13
2,119,13
3,54,13
4,90,13
5,62,13
6,133,13
7,69,13
8,93,13
9,69,13
0,121,3
1,30,3
2,86,3
3,67,3
4,152,3
5,36,3
6,117,3
7,62,3
8,84,3
9,40,3
0,34,0
1,115,0
2,56,0
3,117,0
4,27,0
5,131,0
6,121,0
7,55,0
8,52,0
9,88,0
0,47,5
1,60,5
2,100,5
3,104,5
4,139,5
5,76,5
6,103,5
7,24,5
8,65,5
9,78,5
0,116,11
1,46,11
2,101,11
3,84,11
4,32,11
5,32,11
6,123,11
7,57,11
8,152,11
9,53,11
0,39,19
1,144,19
2,97,19
3,94,19
4,101,19
5,37,19
6,37,19
7,76,19
8,98,19
9,72,19
0,62,2
1,55,2
2,153,2
3,68,2
4,104,2
5,37,2
6,44,2
7,82,2
8,79,2
9,112,2
0,68,1
1,57,1
2,68,1
3,93,1
4,56,1
5,64,1
6,87,1
7,63,1
8,132,1
9,108,1
0,47,16
1,29,16
2,126,16
3,153,16
4,65,16
5,24,16
6,73,16
7,19,16
8,163,16
9,97,16
0,54,0
1,29,0
2,121,0
3,92,0
4,24,0
5,78,0
6,89,0
7,131,0
8,84,0
9,95,0
0,48,12
1,167,12
2,56,12
3,70,12
4,56,12
5,56,12
6,117,12
7,38,12
8,60,12
9,128,12
0,40,8
1,73,8
2,121,8
3,120,8
4,80,8
5,66,8
6,111,8
7,86,8
8,55,8
9,44,8
0,120,5
1,14,5
2,72,5
3,76,5
4,56,5
5,56,5
6,166,5
7,87,5
8,76,5
9,74,5
0,52,2
1,48,2
2,39,2
3,94,2
4,136,2
5,94,2
6,51,2
7,76,2
8,127,2
9,79,2
0,54,13
1,54,13
2,37,13
3,124,13
4,76,13
5,40,13
6,113,13
7,69,13
8,137,13
9,91,13
0,52,4
1,231,4
2,24,4
3,41,4
4,64,4
5,128,4
6,56,4
7,92,4
8,87,4
9,21,4
0,67,18
1,69,18
2,114,18
3,71,18
4,152,18
5,52,18
6,16,18
7,115,18
8,100,18
9,41,18
0,61,17
1,39,17
2,120,17
3,87,17
4,110,17
5,92,17
6,49,17
7,122,17
8,65,17
9,50,17
0,52,15
1,56,15
2,81,15
3,121,15
4,97,15
5,96,15
6,143,15
7,47,15
8,40,15
9,64,15
0,93,19
1,33,19
2,60,19
3,157,19
4,51,19
5,153,19
6,112,19
7,45,19
8,41,19
9,51,19
0,69,11
1,101,11
2,53,11
3,106,11
4,74,11
5,89,11
6,89,11
7,47,11
8,72,11
9,95,11
0,122,6
1,88,6
2,64,6
3,116,6
4,68,6
5,68,6
6,93,6
7,40,6
8,75,6
9,62,6
0,47,10
1,79,10
2,119,10
3,56,10
4,89,10
5,128,10
6,38,10
7,141,10
8,43,10
9,56,10
0,68,3
1,95,3
2,36,3
3,87,3
4,31,3
5,128,3
6,40,3
7,40,3
8,168,3
9,104,3
0,125,7
1,157,7
2,137,7
3,64,7
4,35,7
5,76,7
6,40,7
7,75,7
8,27,7
9,60,7
0,114,9
1,81,9
2,76,9
3,66,9
4,92,9
5,89,9
6,108,9
7,33,9
8,49,9
9,87,9
0,105,14
1,56,14
2,80,14
3,110,14
4,97,14
5,92,14
6,77,14
7,109,14
8,19,14
9,51,14
0,52,19
1,16,19
2,186,19
3,100,19
4,112,19
5,54,19
6,49,19
7,76,19
8,49,19
9,101,19
0,20,3
1,52,3
2,89,3
3,148,3
4,68,3
5,65,3
6,93,3
7,61,3
8,84,3
9,114,3
0,110,5
1,100,5
2,68,5
3,140,5
4,52,5
5,110,5
6,64,5
7,58,5
8,64,5
9,28,5
0,59,18
1,108,18
2,31,18
3,86,18
4,161,18
5,71,18
6,78,18
7,74,18
8,45,18
9,83,18
0,32,16
1,32,16
2,104,16
3,76,16
4,195,16
5,69,16
6,144,16
7,31,16
8,86,16
9,28,16
0,124,14
1,112,14
2,96,14
3,100,14
4,39,14
5,96,14
6,42,14
7,58,14
8,39,14
9,90,14
0,92,8
1,82,8
2,64,8
3,107,8
4,89,8
5,85,8
6,113,8
7,51,8
8,27,8
9,86,8
0,64,10
1,203,10
2,101,10
3,28,10
4,46,10
5,54,10
6,104,10
7,36,10
8,60,10
9,99,10
0,43,9
1,93,9
2,165,9
3,87,9
4,52,9
5,91,9
6,94,9
7,58,9
8,52,9
9,61,9
0,41,12
1,87,12
2,80,12
3,68,12
4,56,12
5,141,12
6,66,12
7,73,12
8,64,12
9,119,12
0,63,4
1,52,4
2,84,4
3,48,4
4,94,4
5,96,4
6,94,4
7,97,4
8,66,4
9,101,4
0,144,7
1,33,7
2,102,7
3,99,7
4,105,7
5,80,7
6,43,7
7,58,7
8,55,7
9,77,7
0,94,15
1,93,15
2,84,15
3,53,15
4,64,15
5,95,15
6,55,15
7,140,15
8,46,15
9,73,15
0,103,2
1,118,2
2,18,2
3,89,2
4,33,2
5,62,2
6,144,2
7,90,2
8,96,2
9,43,2
0,68,0
1,102,0
2,96,0
3,57,0
4,58,0
5,64,0
6,121,0
7,100,0
8,72,0
9,58,0
0,53,1
1,56,1
2,80,1
3,116,1
4,45,1
5,88,1
6,45,1
7,68,1
8,64,1
9,182,1
0,63,17
1,80,17
2,73,17
3,33,17
4,73,17
5,112,17
6,106,17
7,158,17
8,40,17
9,58,17
0,42,13
1,29,13
2,51,13
3,67,13
4,135,13
5,77,13
6,70,13
7,82,13
8,121,13
9,122,13
0,122,11
1,92,11
2,70,11
3,46,11
4,108,11
5,70,11
6,84,11
7,62,11
8,70,11
9,72,11
0,61,6
1,172,6
2,50,6
3,56,6
4,130,6
5,58,6
6,83,6
7,39,6
8,50,6
9,97,6
0,143,14
1,74,14
2,58,14
3,101,14
4,88,14
5,76,14
6,65,14
7,44,14
8,47,14
9,100,14
0,107,8
1,99,8
2,65,8
3,84,8
4,88,8
5,135,8
6,98,8
7,64,8
8,32,8
9,24,8
0,72,11
1,25,11
2,70,11
3,125,11
4,67,11
5,72,11
6,109,11
7,121,11
8,57,11
9,78,11
0,83,3
1,132,3
2,55,3
3,75,3
4,140,3
5,40,3
6,136,3
7,17,3
8,89,3
9,31,3
0,97,13
1,54,13
2,124,13
3,64,13
4,49,13
5,144,13
6,43,13
7,84,13
8,59,13
9,78,13
0,21,19
1,82,19
2,94,19
3,134,19
4,164,19
5,52,19
6,72,19
7,40,19
8,77,19
9,59,19
0,93,0
1,31,0
2,78,0
3,57,0
4,76,0
5,104,0
6,99,0
7,34,0
8,84,0
9,140,0
0,164,6
1,35,6
2,24,6
3,77,6
4,97,6
5,103,6
6,104,6
7,64,6
8,32,6
9,96,6
0,81,12
1,40,12
2,126,12
3,73,12
4,104,12
5,66,12
6,30,12
7,96,12
8,101,12
9,78,12
0,56,5
1,68,5
2,106,5
3,55,5
4,95,5
5,48,5
6,88,5
7,149,5
8,60,5
9,70,5
0,46,4
1,72,4
2,127,4
3,92,4
4,104,4
5,103,4
6,54,4
7,25,4
8,74,4
9,100,4
0,88,9
1,65,9
2,42,9
3,29,9
4,129,9
5,84,9
6,126,9
7,40,9
8,65,9
9,127,9
0,37,7
1,121,7
2,93,7
3,86,7
4,35,7
5,60,7
6,75,7
7,192,7
8,78,7
9,20,7
0,70,15
1,53,15
2,153,15
3,56,15
4,115,15
5,100,15
6,80,15
7,47,15
8,32,15
9,90,15
0,66,1
1,27,1
2,86,1
3,102,1
4,70,1
5,127,1
6,67,1
7,88,1
8,69,1
9,95,1
0,96,10
1,62,10
2,39,10
3,89,10
4,137,10
5,67,10
6,60,10
7,89,10
8,90,10
9,68,10
0,120,2
1,68,2
2,139,2
3,67,2
4,40,2
5,76,2
6,82,2
7,52,2
8,80,2
9,71,2
0,65,18
1,93,18
2,28,18
3,109,18
4,65,18
5,72,18
6,84,18
7,93,18
8,130,18
9,56,18
0,80,17
1,60,17
2,36,17
3,83,17
4,132,17
5,114,17
6,80,17
7,64,17
8,57,17
9,90,17
0,88,16
1,48,16
2,64,16
3,91,16
4,84,16
5,91,16
6,31,16
7,135,16
8,109,16
9,56,16
0,41,8
1,53,8
2,56,8
3,118,8
4,72,8
5,74,8
6,92,8
7,166,8
8,64,8
9,60,8
0,80,19
1,44,19
2,84,19
3,63,19
4,64,19
5,64,19
6,51,19
7,105,19
8,172,19
9,69,19
0,65,15
1,70,15
2,64,15
3,68,15
4,28,15
5,86,15
6,40,15
7,106,15
8,208,15
9,60,15
0,99,3
1,143,3
2,41,3
3,85,3
4,51,3
5,94,3
6,110,3
7,59,3
8,64,3
9,50,3
0,82,14
1,86,14
2,50,14
3,48,14
4,116,14
5,53,14
6,101,14
7,107,14
8,63,14
9,90,14
0,76,9
1,75,9
2,49,9
3,92,9
4,51,9
5,55,9
6,80,9
7,71,9
8,149,9
9,97,9
0,80,1
1,60,1
2,145,1
3,58,1
4,91,1
5,88,1
6,71,1
7,114,1
8,54,1
9,36,1
0,36,2
1,56,2
2,97,2
3,109,2
4,131,2
5,58,2
6,48,2
7,61,2
8,117,2
9,82,2
0,36,10
1,66,10
2,75,10
3,133,10
4,56,10
5,120,10
6,76,10
7,88,10
8,103,10
9,44,10
0,120,5
1,31,5
2,182,5
3,86,5
4,44,5
5,59,5
6,79,5
7,72,5
8,79,5
9,44,5
0,72,17
1,111,17
2,52,17
3,65,17
4,84,17
5,26,17
6,175,17
7,91,17
8,52,17
9,69,17
0,67,6
1,46,6
2,50,6
3,53,6
4,150,6
5,73,6
6,143,6
7,37,6
8,14,6
9,163,6
0,76,0
1,140,0
2,52,0
3,72,0
4,41,0
5,101,0
6,66,0
7,106,0
8,47,0
9,94,0
0,61,7
1,89,7
2,156,7
3,62,7
4,42,7
5,99,7
6,78,7
7,28,7
8,88,7
9,92,7
0,48,16
1,80,16
2,79,16
3,103,16
4,61,16
5,122,16
6,65,16
7,49,16
8,87,16
9,102,16
0,72,4
1,88,4
2,28,4
3,108,4
4,144,4
5,63,4
6,80,4
7,21,4
8,77,4
9,115,4
0,44,11
1,56,11
2,76,11
3,196,11
4,24,11
5,100,11
6,71,11
7,100,11
8,48,11
9,82,11
0,91,12
1,80,12
2,58,12
3,53,12
4,91,12
5,124,12
6,83,12
7,116,12
8,53,12
9,46,12
0,98,13
1,79,13
2,68,13
3,93,13
4,108,13
5,68,13
6,80,13
7,41,13
8,104,13
9,56,13
0,52,18
1,120,18
2,84,18
3,32,18
4,45,18
5,76,18
6,184,18
7,70,18
8,58,18
9,74,18
0,84,6
1,93,6
2,43,6
3,104,6
4,131,6
5,80,6
6,40,6
7,71,6
8,52,6
9,99,6
0,60,19
1,102,19
2,108,19
3,65,19
4,40,19
5,64,19
6,78,19
7,56,19
8,148,19
9,76,19
0,34,4
1,84,4
2,137,4
3,49,4
4,129,4
5,30,4
6,71,4
7,82,4
8,96,4
9,84,4
0,56,15
1,32,15
2,54,15
3,93,15
4,143,15
5,66,15
6,68,15
7,184,15
8,68,15
9,32,15
0,61,18
1,91,18
2,45,18
3,80,18
4,84,18
5,95,18
6,46,18
7,133,18
8,135,18
9,27,18
0,128,14
1,50,14
2,58,14
3,82,14
4,84,14
5,76,14
6,84,14
7,104,14
8,68,14
9,61,14
0,94,7
1,33,7
2,75,7
3,93,7
4,147,7
5,46,7
6,72,7
7,114,7
8,48,7
9,74,7
0,70,9
1,64,9
2,185,9
3,160,9
4,24,9
5,61,9
6,30,9
7,58,9
8,83,9
9,61,9
0,88,17
1,26,17
2,74,17
3,121,17
4,127,17
5,103,17
6,74,17
7,96,17
8,22,17
9,65,17
0,94,12
1,41,12
2,65,12
3,68,12
4,107,12
5,74,12
6,71,12
7,111,12
8,108,12
9,57,12
0,35,13
1,138,13
2,104,13
3,66,13
4,58,13
5,105,13
6,84,13
7,64,13
8,30,13
9,112,13
0,76,1
1,98,1
2,67,1
3,48,1
4,55,1
5,56,1
6,45,1
7,105,1
8,120,1
9,126,1
0,68,8
1,112,8
2,76,8
3,86,8
4,104,8
5,67,8
6,61,8
7,70,8
8,42,8
9,109,8
0,176,10
1,36,10
2,84,10
3,68,10
4,34,10
5,70,10
6,65,10
7,63,10
8,81,10
9,119,10
0,39,0
1,160,0
2,71,0
3,62,0
4,66,0
5,23,0
6,74,0
7,55,0
8,157,0
9,90,0
0,209,16
1,43,16
2,52,16
3,212,16
4,39,16
5,56,16
6,39,16
7,51,16
8,47,16
9,49,16
0,48,11
1,99,11
2,99,11
3,38,11
4,54,11
5,51,11
6,131,11
7,121,11
8,108,11
9,48,11
0,71,2
1,118,2
2,61,2
3,118,2
4,58,2
5,76,2
6,43,2
7,70,2
8,170,2
9,12,2
0,20,3
1,136,3
2,121,3
3,16,3
4,39,3
5,134,3
6,85,3
7,132,3
8,79,3
9,34,3
0,67,5
1,72,5
2,78,5
3,155,5
4,60,5
5,83,5
6,130,5
7,18,5
8,71,5
9,62,5
0,104,4
1,127,4
2,102,4
3,70,4
4,47,4
5,92,4
6,80,4
7,32,4
8,32,4
9,110,4
0,102,1
1,109,1
2,100,1
3,105,1
4,46,1
5,111,1
6,52,1
7,48,1
8,63,1
9,60,1
0,39,16
1,166,16
2,68,16
3,56,16
4,73,16
5,82,16
6,82,16
7,57,16
8,105,16
9,68,16
0,56,15
1,65,15
2,141,15
3,22,15
4,95,15
5,100,15
6,73,15
7,14,15
8,130,15
9,100,15
0,88,19
1,108,19
2,79,19
3,52,19
4,72,19
5,72,19
6,144,19
7,94,19
8,42,19
9,44,19
0,53,3
1,99,3
2,84,3
3,132,3
4,104,3
5,68,3
6,44,3
7,28,3
8,148,3
9,35,3
0,36,7
1,100,7
2,147,7
3,34,7
4,41,7
5,104,7
6,141,7
7,95,7
8,28,7
9,69,7
0,106,5
1,64,5
2,39,5
3,32,5
4,73,5
5,60,5
6,140,5
7,83,5
8,41,5
9,159,5
0,151,8
1,66,8
2,47,8
3,120,8
4,55,8
5,62,8
6,72,8
7,95,8
8,60,8
9,70,8
0,124,2
1,68,2
2,109,2
3,69,2
4,96,2
5,73,2
6,32,2
7,64,2
8,122,2
9,37,2
0,80,13
1,84,13
2,72,13
3,64,13
4,63,13
5,76,13
6,101,13
7,96,13
8,59,13
9,100,13
0,65,14
1,71,14
2,108,14
3,32,14
4,73,14
5,65,14
6,103,14
7,69,14
8,72,14
9,139,14
0,48,9
1,146,9
2,102,9
3,94,9
4,62,9
5,108,9
6,65,9
7,44,9
8,72,9
9,56,9
0,72,11
1,98,11
2,77,11
3,35,11
4,102,11
5,76,11
6,143,11
7,89,11
8,39,11
9,66,11
0,36,17
1,84,17
2,108,17
3,52,17
4,98,17
5,49,17
6,84,17
7,104,17
8,121,17
9,60,17
0,66,12
1,56,12
2,44,12
3,76,12
4,178,12
5,80,12
6,33,12
7,83,12
8,60,12
9,120,12
0,48,18
1,52,18
2,116,18
3,77,18
4,72,18
5,68,18
6,94,18
7,90,18
8,84,18
9,94,18
0,89,6
1,105,6
2,30,6
3,117,6
4,52,6
5,77,6
6,61,6
7,43,6
8,106,6
9,115,6
0,43,10
1,72,10
2,67,10
3,56,10
4,129,10
5,134,10
6,61,10
7,125,10
8,80,10
9,29,10
0,28,0
1,36,0
2,68,0
3,78,0
4,66,0
5,56,0
6,61,0
7,67,0
8,159,0
9,178,0
0,29,17
1,77,17
2,75,17
3,99,17
4,41,17
5,152,17
6,74,17
7,78,17
8,68,17
9,102,17
0,116,9
1,26,9
2,107,9
3,50,9
4,59,9
5,60,9
6,148,9
7,64,9
8,82,9
9,84,9
0,63,4
1,60,4
2,140,4
3,72,4
4,94,4
5,81,4
6,57,4
7,52,4
8,69,4
9,108,4
0,99,16
1,52,16
2,68,16
3,141,16
4,43,16
5,77,16
6,119,16
7,115,16
8,48,16
9,33,16
0,60,14
1,85,14
2,68,14
3,15,14
4,99,14
5,105,14
6,102,14
7,112,14
8,32,14
9,119,14
0,36,10
1,54,10
2,161,10
3,96,10
4,36,10
5,88,10
6,106,10
7,87,10
8,70,10
9,64,10
0,159,18
1,48,18
2,44,18
3,88,18
4,89,18
5,112,18
6,78,18
7,79,18
8,54,18
9,47,18
0,37,8
1,115,8
2,73,8
3,84,8
4,104,8
5,107,8
6,26,8
7,23,8
8,120,8
9,107,8
0,119,6
1,97,6
2,74,6
3,128,6
4,24,6
5,94,6
6,44,6
7,106,6
8,64,6
9,47,6
0,74,13
1,60,13
2,73,13
3,192,13
4,72,13
5,151,13
6,58,13
7,24,13
8,48,13
9,44,13
0,111,11
1,124,11
2,30,11
3,124,11
4,115,11
5,49,11
6,53,11
7,97,11
8,59,11
9,35,11
0,80,5
1,126,5
2,26,5
3,108,5
4,118,5
5,110,5
6,36,5
7,72,5
8,40,5
9,80,5
0,56,0
1,86,0
2,114,0
3,91,0
4,100,0
5,75,0
6,76,0
7,128,0
8,32,0
9,38,0
0,55,12
1,77,12
2,135,12
3,68,12
4,100,12
5,20,12
6,96,12
7,27,12
8,128,12
9,89,12
0,77,1
1,42,1
2,81,1
3,50,1
4,61,1
5,54,1
6,92,1
7,148,1
8,92,1
9,97,1
0,131,3
1,51,3
2,32,3
3,83,3
4,48,3
5,104,3
6,58,3
7,88,3
8,124,3
9,79,3
0,72,2
1,141,2
2,42,2
3,86,2
4,45,2
5,72,2
6,139,2
7,96,2
8,43,2
9,60,2
0,80,19
1,60,19
2,61,19
3,65,19
4,85,19
5,46,19
6,136,19
7,81,19
8,107,19
9,74,19
0,88,7
1,110,7
2,44,7
3,100,7
4,84,7
5,92,7
6,47,7
7,74,7
8,104,7
9,53,7
0,64,15
1,116,15
2,51,15
3,96,15
4,55,15
5,84,15
6,118,15
7,60,15
8,84,15
9,69,15
0,104,4
1,75,4
2,20,4
3,91,4
4,84,4
5,62,4
6,178,4
7,80,4
8,43,4
9,60,4
0,56,19
1,29,19
2,98,19
3,72,19
4,84,19
5,120,19
6,109,19
7,80,19
8,100,19
9,46,19
0,83,14
1,30,14
2,49,14
3,145,14
4,112,14
5,60,14
6,55,14
7,76,14
8,70,14
9,116,14
0,97,2
1,48,2
2,140,2
3,56,2
4,120,2
5,113,2
6,56,2
7,19,2
8,88,2
9,59,2
0,43,6
1,65,6
2,145,6
3,76,6
4,46,6
5,34,6
6,68,6
7,176,6
8,87,6
9,55,6
0,78,5
1,67,5
2,136,5
3,33,5
4,79,5
5,134,5
6,108,5
7,38,5
8,56,5
9,68,5
0,163,17
1,70,17
2,84,17
3,26,17
4,28,17
5,72,17
6,83,17
7,140,17
8,58,17
9,72,17
0,46,18
1,116,18
2,39,18
3,151,18
4,80,18
5,89,18
6,58,18
7,72,18
8,66,18
9,80,18
0,44,12
1,42,12
2,82,12
3,119,12
4,42,12
5,50,12
6,170,12
7,78,12
8,97,12
9,72,12
0,82,9
1,72,9
2,33,9
3,80,9
4,99,9
5,58,9
6,60,9
7,108,9
8,103,9
9,101,9
0,77,15
1,75,15
2,75,15
3,78,15
4,92,15
5,103,15
6,76,15
7,36,15
8,157,15
9,27,15
0,24,10
1,71,10
2,58,10
3,43,10
4,76,10
5,130,10
6,166,10
7,68,10
8,104,10
9,56,10
0,71,13
1,57,13
2,24,13
3,168,13
4,103,13
5,92,13
6,60,13
7,87,13
8,47,13
9,87,13
0,116,11
1,69,11
2,94,11
3,94,11
4,23,11
5,98,11
6,56,11
7,114,11
8,53,11
9,79,11
0,68,8
1,48,8
2,32,8
3,127,8
4,187,8
5,52,8
6,56,8
7,48,8
8,137,8
9,40,8
0,68,1
1,107,1
2,90,1
3,27,1
4,84,1
5,72,1
6,48,1
7,101,1
8,72,1
9,128,1
0,192,16
1,19,16
2,54,16
3,45,16
4,104,16
5,77,16
6,59,16
7,52,16
8,138,16
9,56,16
0,81,7
1,73,7
2,28,7
3,175,7
4,118,7
5,95,7
6,77,7
7,47,7
8,78,7
9,24,7
0,79,3
1,110,3
2,35,3
3,62,3
4,88,3
5,125,3
6,92,3
7,91,3
8,85,3
9,29,3
0,97,0
1,89,0
2,50,0
3,35,0
4,87,0
5,124,0
6,105,0
7,76,0
8,106,0
9,27,0
0,162,4
1,131,4
2,84,4
3,58,4
4,55,4
5,69,4
6,54,4
7,96,4
8,27,4
9,61,4
0,52,2
1,100,2
2,51,2
3,154,2
4,68,2
5,43,2
6,103,2
7,68,2
8,73,2
9,84,2
0,48,10
1,73,10
2,84,10
3,112,10
4,92,10
5,73,10
6,42,10
7,37,10
8,40,10
9,195,10
0,97,12
1,65,12
2,60,12
3,100,12
4,46,12
5,75,12
6,95,12
7,68,12
8,79,12
9,112,12
0,84,17
1,160,17
2,90,17
3,65,17
4,48,17
5,76,17
6,92,17
7,45,17
8,41,17
9,95,17
0,116,11
1,22,11
2,119,11
3,74,11
4,30,11
5,128,11
6,46,11
7,80,11
8,89,11
9,92,11
0,80,0
1,122,0
2,46,0
3,114,0
4,68,0
5,67,0
6,150,0
7,38,0
8,82,0
9,30,0
0,55,9
1,61,9
2,104,9
3,150,9
4,28,9
5,45,9
6,68,9
7,80,9
8,91,9
9,114,9
0,125,8
1,64,8
2,45,8
3,85,8
4,112,8
5,36,8
6,92,8
7,132,8
8,32,8
9,74,8
0,92,15
1,124,15
2,77,15
3,92,15
4,25,15
5,89,15
6,55,15
7,118,15
8,61,15
9,62,15
0,74,3
1,88,3
2,105,3
3,70,3
4,82,3
5,60,3
6,28,3
7,73,3
8,131,3
9,85,3
0,101,6
1,89,6
2,58,6
3,76,6
4,46,6
5,40,6
6,160,6
7,68,6
8,68,6
9,89,6
0,32,14
1,48,14
2,142,14
3,110,14
4,61,14
5,99,14
6,69,14
7,65,14
8,125,14
9,44,14
0,159,5
1,44,5
2,41,5
3,160,5
4,44,5
5,29,5
6,76,5
7,100,5
8,109,5
9,32,5
0,95,13
1,86,13
2,49,13
3,60,13
4,95,13
5,24,13
6,67,13
7,84,13
8,57,13
9,179,13
0,40,1
1,68,1
2,105,1
3,135,1
4,64,1
5,80,1
6,67,1
7,32,1
8,32,1
9,172,1
0,21,7
1,64,7
2,80,7
3,36,7
4,83,7
5,71,7
6,84,7
7,31,7
8,130,7
9,196,7
0,76,18
1,93,18
2,134,18
3,24,18
4,76,18
5,48,18
6,62,18
7,124,18
8,100,18
9,60,18
0,36,19
1,40,19
2,65,19
3,50,19
4,110,19
5,107,19
6,124,19
7,29,19
8,35,19
9,200,19
0,64,16
1,32,16
2,116,16
3,71,16
4,106,16
5,109,16
6,72,16
7,71,16
8,95,16
9,60,16
0,88,10
1,65,10
2,53,10
3,107,10
4,53,10
5,81,10
6,104,10
7,62,10
8,48,10
9,135,10
0,52,6
1,61,6
2,111,6
3,76,6
4,120,6
5,72,6
6,88,6
7,35,6
8,121,6
9,62,6
0,48,7
1,139,7
2,52,7
3,25,7
4,80,7
5,42,7
6,132,7
7,76,7
8,101,7
9,101,7
0,25,15
1,115,15
2,79,15
3,54,15
4,103,15
5,102,15
6,111,15
7,53,15
8,104,15
9,50,15
0,90,9
1,108,9
2,90,9
3,76,9
4,141,9
5,52,9
6,37,9
7,84,9
8,52,9
9,66,9
0,101,11
1,76,11
2,86,11
3,72,11
4,48,11
5,145,11
6,39,11
7,82,11
8,54,11
9,92,11
0,66,18
1,104,18
2,80,18
3,17,18
4,52,18
5,79,18
6,119,18
7,48,18
8,143,18
9,88,18
0,80,16
1,97,16
2,31,16
3,142,16
4,55,16
5,113,16
6,34,16
7,116,16
8,80,16
9,48,16
0,80,17
1,62,17
2,68,17
3,153,17
4,38,17
5,55,17
6,104,17
7,46,17
8,58,17
9,132,17
0,56,19
1,42,19
2,44,19
3,75,19
4,94,19
5,103,19
6,76,19
7,129,19
8,90,19
9,88,19
0,128,13
1,98,13
2,76,13
3,33,13
4,40,13
5,65,13
6,104,13
7,76,13
8,97,13
9,80,13
0,79,3
1,32,3
2,96,3
3,100,3
4,57,3
5,120,3
6,80,3
7,90,3
8,76,3
9,67,3
0,53,5
1,119,5
2,69,5
3,105,5
4,72,5
5,58,5
6,71,5
7,92,5
8,69,5
9,88,5
0,84,14
1,89,14
2,162,14
3,66,14
4,76,14
5,50,14
6,82,14
7,108,14
8,37,14
9,42,14
0,115,2
1,107,2
2,134,2
3,90,2
4,40,2
5,62,2
6,40,2
7,106,2
8,21,2
9,81,2
0,64,12
1,20,12
2,88,12
3,44,12
4,144,12
5,92,12
6,79,12
7,50,12
8,134,12
9,80,12
0,12,8
1,70,8
2,71,8
3,136,8
4,80,8
5,60,8
6,68,8
7,112,8
8,78,8
9,111,8
0,46,4
1,140,4
2,143,4
3,109,4
4,40,4
5,62,4
6,36,4
7,109,4
8,60,4
9,51,4
0,57,0
1,30,0
2,123,0
3,105,0
4,65,0
5,68,0
6,128,0
7,86,0
8,63,0
9,71,0
0,58,1
1,72,1
2,105,1
3,75,1
4,89,1
5,91,1
6,128,1
7,29,1
8,80,1
9,68,1
0,147,3
1,98,3
2,68,3
3,25,3
4,56,3
5,85,3
6,96,3
7,73,3
8,68,3
9,80,3
0,48,1
1,53,1
2,106,1
3,44,1
4,92,1
5,84,1
6,140,1
7,80,1
8,56,1
9,93,1
0,110,9
1,110,9
2,85,9
3,104,9
4,84,9
5,92,9
6,51,9
7,20,9
8,16,9
9,123,9
0,144,6
1,40,6
2,56,6
3,81,6
4,50,6
5,43,6
6,139,6
7,47,6
8,94,6
9,103,6
0,99,19
1,38,19
2,26,19
3,92,19
4,63,19
5,63,19
6,84,19
7,94,19
8,77,19
9,160,19
0,100,7
1,60,7
2,55,7
3,148,7
4,115,7
5,70,7
6,53,7
7,112,7
8,60,7
9,23,7
0,60,13
1,129,13
2,41,13
3,54,13
4,36,13
5,108,13
6,57,13
7,176,13
8,63,13
9,70,13
0,99,17
1,112,17
2,56,17
3,55,17
4,96,17
5,60,17
6,76,17
7,161,17
8,34,17
9,46,17
0,43,4
1,65,4
2,82,4
3,58,4
4,122,4
5,96,4
6,103,4
7,62,4
8,72,4
9,93,4
0,67,5
1,57,5
2,65,5
3,32,5
4,51,5
5,150,5
6,92,5
7,76,5
8,72,5
9,135,5
0,56,16
1,65,16
2,100,16
3,52,16
4,112,16
5,26,16
6,41,16
7,59,16
8,123,16
9,161,16
0,144,14
1,81,14
2,41,14
3,93,14
4,78,14
5,32,14
6,136,14
7,44,14
8,100,14
9,47,14
0,48,2
1,44,2
2,66,2
3,47,2
4,120,2
5,97,2
6,65,2
7,118,2
8,77,2
9,115,2
0,48,8
1,122,8
2,104,8
3,76,8
4,72,8
5,42,8
6,38,8
7,114,8
8,97,8
9,83,8
0,104,18
1,56,18
2,33,18
3,48,18
4,59,18
5,76,18
6,181,18
7,86,18
8,56,18
9,97,18
0,89,10
1,99,10
2,87,10
3,112,10
4,44,10
5,80,10
6,36,10
7,140,10
8,64,10
9,46,10
0,115,12
1,68,12
2,138,12
3,81,12
4,86,12
5,52,12
6,60,12
7,31,12
8,131,12
9,34,12
0,64,0
1,47,0
2,80,0
3,42,0
4,68,0
5,80,0
6,112,0
7,194,0
8,58,0
9,52,0
0,21,15
1,104,15
2,73,15
3,100,15
4,64,15
5,63,15
6,60,15
7,131,15
8,78,15
9,101,15
0,83,11
1,73,11
2,94,11
3,54,11
4,51,11
5,53,11
6,28,11
7,131,11
8,111,11
9,119,11
0,79,3
1,152,3
2,105,3
3,68,3
4,63,3
5,70,3
6,103,3
7,82,3
8,38,3
9,37,3
0,112,18
1,38,18
2,32,18
3,51,18
4,176,18
5,68,18
6,88,18
7,68,18
8,139,18
9,24,18
0,81,16
1,84,16
2,56,16
3,59,16
4,72,16
5,80,16
6,112,16
7,78,16
8,100,16
9,73,16
0,79,6
1,90,6
2,60,6
3,53,6
4,81,6
5,96,6
6,65,6
7,91,6
8,124,6
9,56,6
0,268,15
1,72,15
2,93,15
3,94,15
4,20,15
5,40,15
6,21,15
7,91,15
8,38,15
9,60,15
0,56,19
1,205,19
2,77,19
3,90,19
4,22,19
5,61,19
6,38,19
7,91,19
8,92,19
9,64,19
0,68,0
1,98,0
2,77,0
3,166,0
4,100,0
5,67,0
6,31,0
7,47,0
8,50,0
9,93,0
0,107,9
1,48,9
2,80,9
3,83,9
4,100,9
5,48,9
6,47,9
7,108,9
8,94,9
9,82,9
0,44,8
1,58,8
2,39,8
3,75,8
4,89,8
5,163,8
6,97,8
7,56,8
8,86,8
9,89,8
0,119,7
1,80,7
2,129,7
3,76,7
4,76,7
5,30,7
6,83,7
7,67,7
8,88,7
9,48,7
0,50,12
1,70,12
2,196,12
3,88,12
4,68,12
5,119,12
6,59,12
7,40,12
8,60,12
9,44,12
0,40,1
1,105,1
2,121,1
3,45,1
4,56,1
5,20,1
6,197,1
7,85,1
8,63,1
9,63,1
0,29,4
1,129,4
2,66,4
3,98,4
4,52,4
5,65,4
6,57,4
7,52,4
8,184,4
9,64,4
0,75,14
1,75,14
2,67,14
3,120,14
4,78,14
5,57,14
6,122,14
7,49,14
8,32,14
9,121,14
0,80,5
1,96,5
2,112,5
3,60,5
4,49,5
5,61,5
6,88,5
7,99,5
8,71,5
9,81,5
0,74,17
1,38,17
2,77,17
3,142,17
4,115,17
5,41,17
6,73,17
7,56,17
8,122,17
9,57,17
0,100,11
1,132,11
2,80,11
3,94,11
4,73,11
5,78,11
6,40,11
7,67,11
8,84,11
9,49,11
0,43,13
1,76,13
2,120,13
3,55,13
4,102,13
5,37,13
6,67,13
7,55,13
8,180,13
9,62,13
0,63,10
1,62,10
2,36,10
3,41,10
4,70,10
5,140,10
6,128,10
7,54,10
8,38,10
9,164,10
0,57,2
1,129,2
2,67,2
3,90,2
4,64,2
5,109,2
6,90,2
7,23,2
8,100,2
9,67,2
0,80,19
1,129,19
2,40,19
3,56,19
4,104,19
5,72,19
6,90,19
7,97,19
8,75,19
9,53,19
0,99,14
1,71,14
2,128,14
3,73,14
4,88,14
5,51,14
6,47,14
7,35,14
8,143,14
9,62,14
0,96,6
1,73,6
2,20,6
3,124,6
4,48,6
5,104,6
6,136,6
7,59,6
8,68,6
9,68,6
0,38,4
1,76,4
2,47,4
3,172,4
4,39,4
5,108,4
6,91,4
7,45,4
8,84,4
9,96,4
0,108,8
1,57,8
2,48,8
3,116,8
4,50,8
5,50,8
6,75,8
7,71,8
8,55,8
9,168,8
0,87,13
1,100,13
2,87,13
3,45,13
4,175,13
5,44,13
6,71,13
7,48,13
8,86,13
9,54,13
0,101,5
1,58,5
2,68,5
3,160,5
4,145,5
5,64,5
6,44,5
7,66,5
8,57,5
9,33,5
0,54,10
1,84,10
2,118,10
3,64,10
4,66,10
5,68,10
6,53,10
7,58,10
8,121,10
9,109,10
0,88,18
1,71,18
2,104,18
3,54,18
4,80,18
5,56,18
6,140,18
7,72,18
8,60,18
9,72,18
0,36,3
1,69,3
2,64,3
3,76,3
4,18,3
5,156,3
6,81,3
7,128,3
8,75,3
9,92,3
0,21,0
1,56,0
2,118,0
3,98,0
4,72,0
5,84,0
6,77,0
7,48,0
8,112,0
9,112,0
0,84,17
1,87,17
2,40,17
3,65,17
4,144,17
5,127,17
6,85,17
7,48,17
8,28,17
9,89,17
0,170,12
1,112,12
2,43,12
3,64,12
4,57,12
5,70,12
6,30,12
7,54,12
8,86,12
9,110,12
0,124,2
1,58,2
2,87,2
3,60,2
4,94,2
5,51,2
6,38,2
7,141,2
8,68,2
9,74,2
0,63,9
1,50,9
2,102,9
3,105,9
4,53,9
5,76,9
6,62,9
7,115,9
8,76,9
9,95,9
0,52,11
1,88,11
2,42,11
3,108,11
4,132,11
5,80,11
6,106,11
7,56,11
8,65,11
9,67,11
0,43,15
1,60,15
2,120,15
3,33,15
4,36,15
5,40,15
6,82,15
7,136,15
8,144,15
9,104,15
0,129,16
1,55,16
2,52,16
3,121,16
4,56,16
5,73,16
6,93,16
7,36,16
8,73,16
9,108,16
0,125,7
1,120,7
2,80,7
3,64,7
4,22,7
5,134,7
6,89,7
7,46,7
8,66,7
9,51,7
0,88,1
1,95,1
2,102,1
3,83,1
4,80,1
5,35,1
6,41,1
7,60,1
8,127,1
9,86,1
0,61,11
1,75,11
2,38,11
3,100,11
4,129,11
5,66,11
6,65,11
7,82,11
8,124,11
9,56,11
0,128,3
1,75,3
2,94,3
3,87,3
4,93,3
5,74,3
6,55,3
7,76,3
8,70,3
9,45,3
0,99,0
1,82,0
2,152,0
3,65,0
4,28,0
5,71,0
6,79,0
7,71,0
8,86,0
9,64,0
0,116,5
1,45,5
2,133,5
3,59,5
4,32,5
5,82,5
6,92,5
7,82,5
8,80,5
9,74,5
0,116,7
1,68,7
2,60,7
3,99,7
4,89,7
5,68,7
6,63,7
7,44,7
8,127,7
9,62,7
0,59,17
1,48,17
2,53,17
3,167,17
4,88,17
5,96,17
6,76,17
7,84,17
8,56,17
9,68,17
0,96,10
1,61,10
2,9,10
3,72,10
4,94,10
5,95,10
6,41,10
7,100,10
8,100,10
9,127,10
0,75,6
1,80,6
2,32,6
3,93,6
4,69,6
5,49,6
6,56,6
7,124,6
8,96,6
9,123,6
0,48,15
1,34,15
2,71,15
3,74,15
4,89,15
5,154,15
6,44,15
7,106,15
8,96,15
9,79,15
0,110,12
1,80,12
2,59,12
3,59,12
4,80,12
5,82,12
6,59,12
7,64,12
8,120,12
9,84,12
0,68,18
1,172,18
2,62,18
3,112,18
4,60,18
5,54,18
6,64,18
7,92,18
8,62,18
9,50,18
0,135,19
1,76,19
2,15,19
3,59,19
4,57,19
5,95,19
6,98,19
7,64,19
8,87,19
9,111,19
0,50,14
1,114,14
2,113,14
3,32,14
4,62,14
5,133,14
6,71,14
7,49,14
8,69,14
9,103,14
0,95,13
1,121,13
2,36,13
3,96,13
4,52,13
5,8,13
6,155,13
7,95,13
8,83,13
9,56,13
0,57,4
1,62,4
2,56,4
3,63,4
4,117,4
5,64,4
6,72,4
7,109,4
8,80,4
9,114,4
0,36,16
1,81,16
2,116,16
3,116,16
4,35,16
5,64,16
6,116,16
7,80,16
8,53,16
9,98,16
0,108,1
1,19,1
2,29,1
3,126,1
4,95,1
5,84,1
6,48,1
7,115,1
8,72,1
9,100,1
0,140,2
1,95,2
2,55,2
3,84,2
4,31,2
5,96,2
6,53,2
7,160,2
8,49,2
9,32,2
0,136,8
1,59,8
2,22,8
3,33,8
4,129,8
5,85,8
6,104,8
7,136,8
8,73,8
9,18,8
0,35,9
1,78,9
2,67,9
3,84,9
4,99,9
5,100,9
6,69,9
7,71,9
8,46,9
9,148,9
0,121,4
1,108,4
2,101,4
3,34,4
4,68,4
5,80,4
6,82,4
7,79,4
8,56,4
9,68,4
0,56,16
1,45,16
2,87,16
3,117,16
4,140,16
5,110,16
6,54,16
7,72,16
8,79,16
9,36,16
0,138,2
1,85,2
2,107,2
3,37,2
4,76,2
5,63,2
6,44,2
7,110,2
8,29,2
9,108,2
0,107,0
1,67,0
2,92,0
3,39,0
4,89,0
5,124,0
6,82,0
7,81,0
8,60,0
9,55,0
0,58,19
1,103,19
2,87,19
3,59,19
4,66,19
5,72,19
6,151,19
7,55,19
8,109,19
9,37,19
0,78,6
1,139,6
2,16,6
3,51,6
4,39,6
5,80,6
6,56,6
7,117,6
8,136,6
9,85,6
0,123,8
1,132,8
2,124,8
3,12,8
4,68,8
5,65,8
6,76,8
7,74,8
8,57,8
9,64,8
0,60,1
1,86,1
2,63,1
3,128,1
4,71,1
5,79,1
6,83,1
7,90,1
8,56,1
9,81,1
0,82,7
1,48,7
2,72,7
3,34,7
4,100,7
5,144,7
6,35,7
7,144,7
8,116,7
9,21,7
0,67,13
1,65,13
2,93,13
3,76,13
4,56,13
5,97,13
6,100,13
7,63,13
8,77,13
9,101,13
0,85,10
1,55,10
2,79,10
3,52,10
4,55,10
5,72,10
6,193,10
7,83,10
8,31,10
9,92,10
0,32,5
1,8,5
2,27,5
3,46,5
4,56,5
5,80,5
6,36,5
7,269,5
8,178,5
9,64,5
0,80,9
1,95,9
2,133,9
3,81,9
4,81,9
5,62,9
6,53,9
7,67,9
8,73,9
9,70,9
0,60,18
1,142,18
2,42,18
3,53,18
4,60,18
5,61,18
6,139,18
7,56,18
8,130,18
9,54,18
0,40,11
1,87,11
2,162,11
3,66,11
4,66,11
5,69,11
6,121,11
7,57,11
8,93,11
9,35,11
0,34,12
1,96,12
2,44,12
3,134,12
4,120,12
5,62,12
6,29,12
7,108,12
8,59,12
9,110,12
0,37,3
1,136,3
2,107,3
3,141,3
4,66,3
5,40,3
6,27,3
7,56,3
8,135,3
9,52,3
0,63,14
1,73,14
2,75,14
3,76,14
4,83,14
5,48,14
6,59,14
7,96,14
8,152,14
9,72,14
0,63,15
1,147,15
2,60,15
3,46,15
4,43,15
5,52,15
6,78,15
7,125,15
8,114,15
9,69,15
0,29,17
1,75,17
2,143,17
3,59,17
4,60,17
5,57,17
6,123,17
7,64,17
8,100,17
9,87,17
0,44,10
1,64,10
2,78,10
3,105,10
4,79,10
5,43,10
6,97,10
7,112,10
8,88,10
9,87,10
0,63,14
1,132,14
2,66,14
3,43,14
4,80,14
5,63,14
6,91,14
7,100,14
8,59,14
9,100,14
0,92,7
1,62,7
2,34,7
3,44,7
4,121,7
5,108,7
6,28,7
7,76,7
8,44,7
9,188,7
0,100,2
1,51,2
2,55,2
3,132,2
4,93,2
5,50,2
6,38,2
7,84,2
8,141,2
9,51,2
0,55,16
1,44,16
2,99,16
3,39,16
4,54,16
5,132,16
6,75,16
7,111,16
8,110,16
9,78,16
0,132,11
1,17,11
2,80,11
3,43,11
4,30,11
5,102,11
6,158,11
7,28,11
8,92,11
9,114,11
0,53,3
1,87,3
2,100,3
3,53,3
4,111,3
5,40,3
6,134,3
7,66,3
8,99,3
9,53,3
0,79,19
1,104,19
2,56,19
3,54,19
4,101,19
5,71,19
6,150,19
7,52,19
8,52,19
9,78,19
0,80,6
1,37,6
2,84,6
3,92,6
4,120,6
5,72,6
6,41,6
7,112,6
8,82,6
9,76,6
0,75,8
1,97,8
2,88,8
3,40,8
4,66,8
5,102,8
6,144,8
7,102,8
8,19,8
9,64,8
0,52,9
1,118,9
2,80,9
3,75,9
4,60,9
5,66,9
6,68,9
7,140,9
8,76,9
9,60,9
0,70,15
1,24,15
2,103,15
3,68,15
4,76,15
5,76,15
6,115,15
7,60,15
8,152,15
9,53,15
0,167,4
1,95,4
2,84,4
3,76,4
4,32,4
5,33,4
6,85,4
7,56,4
8,95,4
9,73,4
0,98,0
1,48,0
2,12,0
3,123,0
4,88,0
5,92,0
6,53,0
7,88,0
8,132,0
9,61,0
0,91,12
1,85,12
2,120,12
3,47,12
4,21,12
5,133,12
6,64,12
7,134,12
8,72,12
9,28,12
0,167,13
1,58,13
2,76,13
3,79,13
4,64,13
5,86,13
6,96,13
7,76,13
8,40,13
9,53,13
0,114,18
1,80,18
2,89,18
3,64,18
4,88,18
5,107,18
6,58,18
7,46,18
8,66,18
9,84,18
0,82,17
1,57,17
2,48,17
3,114,17
4,94,17
5,97,17
6,52,17
7,41,17
8,117,17
9,93,17
0,72,5
1,60,5
2,107,5
3,52,5
4,56,5
5,67,5
6,42,5
7,84,5
8,150,5
9,107,5
0,139,1
1,64,1
2,70,1
3,89,1
4,117,1
5,77,1
6,36,1
7,108,1
8,66,1
9,29,1
0,85,5
1,111,5
2,144,5
3,59,5
4,15,5
5,72,5
6,119,5
7,44,5
8,36,5
9,112,5
0,68,19
1,96,19
2,50,19
3,188,19
4,64,19
5,110,19
6,44,19
7,36,19
8,84,19
9,56,19
0,30,13
1,105,13
2,100,13
3,107,13
4,38,13
5,74,13
6,128,13
7,30,13
8,104,13
9,80,13
0,78,2
1,89,2
2,52,2
3,58,2
4,56,2
5,139,2
6,68,2
7,68,2
8,84,2
9,104,2
0,64,4
1,38,4
2,148,4
3,60,4
4,128,4
5,95,4
6,56,4
7,37,4
8,73,4
9,96,4
0,65,1
1,46,1
2,102,1
3,136,1
4,106,1
5,89,1
6,24,1
7,92,1
8,101,1
9,36,1
0,77,7
1,58,7
2,112,7
3,74,7
4,35,7
5,96,7
6,50,7
7,68,7
8,176,7
9,49,7
0,52,18
1,28,18
2,67,18
3,92,18
4,236,18
5,48,18
6,64,18
7,79,18
8,57,18
9,74,18
0,80,11
1,144,11
2,56,11
3,46,11
4,87,11
5,48,11
6,102,11
7,68,11
8,78,11
9,88,11
0,88,10
1,87,10
2,60,10
3,35,10
4,115,10
5,54,10
6,52,10
7,92,10
8,101,10
9,112,10
0,89,8
1,83,8
2,81,8
3,28,8
4,100,8
5,150,8
6,64,8
7,56,8
8,119,8
9,24,8
0,96,0
1,71,0
2,36,0
3,116,0
4,78,0
5,91,0
6,75,0
7,85,0
8,32,0
9,116,0
0,108,3
1,19,3
2,86,3
3,96,3
4,62,3
5,68,3
6,140,3
7,64,3
8,62,3
9,92,3
0,92,14
1,63,14
2,83,14
3,67,14
4,100,14
5,58,14
6,117,14
7,52,14
8,96,14
9,69,14
0,91,9
1,108,9
2,67,9
3,86,9
4,44,9
5,62,9
6,31,9
7,37,9
8,86,9
9,184,9
0,50,16
1,52,16
2,77,16
3,119,16
4,100,16
5,121,16
6,53,16
7,48,16
8,74,16
9,101,16
0,39,15
1,80,15
2,76,15
3,86,15
4,66,15
5,52,15
6,46,15
7,84,15
8,216,15
9,49,15
0,68,6
1,59,6
2,66,6
3,24,6
4,80,6
5,68,6
6,46,6
7,111,6
8,153,6
9,121,6
0,100,12
1,76,12
2,44,12
3,101,12
4,81,12
5,82,12
6,72,12
7,76,12
8,97,12
9,67,12
0,80,17
1,166,17
2,20,17
3,72,17
4,95,17
5,101,17
6,79,17
7,72,17
8,32,17
9,79,17
0,69,2
1,66,2
2,73,2
3,94,2
4,93,2
5,68,2
6,117,2
7,65,2
8,45,2
9,105,2
0,85,6
1,79,6
2,119,6
3,112,6
4,57,6
5,80,6
6,52,6
7,81,6
8,72,6
9,59,6
0,64,9
1,57,9
2,134,9
3,56,9
4,100,9
5,94,9
6,73,9
7,57,9
8,73,9
9,87,9
0,12,11
1,52,11
2,56,11
3,109,11
4,223,11
5,68,11
6,54,11
7,74,11
8,81,11
9,65,11
0,85,15
1,80,15
2,70,15
3,33,15
4,86,15
5,92,15
6,140,15
7,92,15
8,95,15
9,23,15
0,107,0
1,51,0
2,95,0
3,81,0
4,141,0
5,109,0
6,21,0
7,37,0
8,86,0
9,68,0
0,127,12
1,36,12
2,45,12
3,70,12
4,38,12
5,128,12
6,127,12
7,74,12
8,52,12
9,100,12
0,62,1
1,110,1
2,81,1
3,76,1
4,58,1
5,70,1
6,52,1
7,26,1
8,188,1
9,72,1
0,131,14
1,111,14
2,45,14
3,97,14
4,68,14
5,103,14
6,115,14
7,32,14
8,55,14
9,40,14
0,48,7
1,80,7
2,117,7
3,92,7
4,44,7
5,74,7
6,111,7
7,52,7
8,124,7
9,53,7
0,12,19
1,100,19
2,84,19
3,79,19
4,68,19
5,160,19
6,123,19
7,52,19
8,48,19
9,69,19
0,24,18
1,26,18
2,110,18
3,135,18
4,16,18
5,103,18
6,80,18
7,104,18
8,80,18
9,118,18
0,56,13
1,89,13
2,84,13
3,63,13
4,72,13
5,125,13
6,46,13
7,139,13
8,67,13
9,56,13
0,16,4
1,100,4
2,119,4
3,30,4
4,98,4
5,56,4
6,82,4
7,75,4
8,78,4
9,142,4
0,90,5
1,61,5
2,114,5
3,126,5
4,47,5
5,64,5
6,42,5
7,77,5
8,120,5
9,55,5
0,57,3
1,56,3
2,91,3
3,89,3
4,69,3
5,124,3
6,111,3
7,88,3
8,52,3
9,60,3
0,90,8
1,139,8
2,101,8
3,31,8
4,37,8
5,58,8
6,144,8
7,72,8
8,78,8
9,47,8
0,55,10
1,78,10
2,153,10
3,85,10
4,46,10
5,54,10
6,85,10
7,46,10
8,103,10
9,91,10
0,58,17
1,60,17
2,75,17
3,65,17
4,48,17
5,70,17
6,92,17
7,150,17
8,88,17
9,90,17
0,50,16
1,59,16
2,82,16
3,148,16
4,72,16
5,44,16
6,101,16
7,129,16
8,74,16
9,37,16
0,96,11
1,48,11
2,108,11
3,155,11
4,52,11
5,44,11
6,69,11
7,40,11
8,60,11
9,124,11
0,108,2
1,60,2
2,117,2
3,143,2
4,64,2
5,92,2
6,50,2
7,44,2
8,60,2
9,58,2
0,44,1
1,50,1
2,81,1
3,81,1
4,106,1
5,112,1
6,48,1
7,77,1
8,28,1
9,169,1
0,103,8
1,115,8
2,181,8
3,36,8
4,78,8
5,76,8
6,71,8
7,34,8
8,33,8
9,68,8
0,91,12
1,112,12
2,67,12
3,92,12
4,174,12
5,60,12
6,30,12
7,64,12
8,69,12
9,37,12
0,173,4
1,48,4
2,89,4
3,29,4
4,83,4
5,52,4
6,79,4
7,76,4
8,90,4
9,76,4
0,65,17
1,115,17
2,82,17
3,50,17
4,96,17
5,22,17
6,132,17
7,141,17
8,56,17
9,36,17
0,48,3
1,36,3
2,28,3
3,56,3
4,116,3
5,203,3
6,32,3
7,159,3
8,37,3
9,82,3
0,69,18
1,69,18
2,76,18
3,15,18
4,48,18
5,112,18
6,60,18
7,127,18
8,100,18
9,120,18
0,97,15
1,124,15
2,67,15
3,51,15
4,141,15
5,62,15
6,47,15
7,65,15
8,64,15
9,79,15
0,76,9
1,112,9
2,140,9
3,86,9
4,104,9
5,48,9
6,53,9
7,74,9
8,35,9
9,68,9
0,196,14
1,39,14
2,40,14
3,68,14
4,58,14
5,60,14
6,74,14
7,118,14
8,52,14
9,92,14
0,44,13
1,90,13
2,67,13
3,106,13
4,120,13
5,69,13
6,69,13
7,43,13
8,82,13
9,106,13
0,40,10
1,72,10
2,92,10
3,102,10
4,112,10
5,98,10
6,61,10
7,49,10
8,76,10
9,93,10
0,128,0
1,50,0
2,63,0
3,89,0
4,76,0
5,182,0
6,63,0
7,36,0
8,78,0
9,32,0
0,120,5
1,84,5
2,114,5
3,68,5
4,44,5
5,60,5
6,109,5
7,70,5
8,42,5
9,84,5
0,60,6
1,62,6
2,120,6
3,76,6
4,75,6
5,123,6
6,61,6
7,75,6
8,79,6
9,64,6
0,56,7
1,59,7
2,128,7
3,105,7
4,84,7
5,79,7
6,50,7
7,86,7
8,55,7
9,95,7
0,52,19
1,58,19
2,80,19
3,48,19
4,97,19
5,135,19
6,71,19
7,65,19
8,63,19
9,128,19
0,144,16
1,87,16
2,84,16
3,42,16
4,68,16
5,75,16
6,106,16
7,60,16
8,39,16
9,92,16
0,128,9
1,59,9
2,68,9
3,40,9
4,104,9
5,172,9
6,92,9
7,33,9
8,24,9
9,76,9
0,116,17
1,108,17
2,76,17
3,60,17
4,43,17
5,168,17
6,52,17
7,51,17
8,68,17
9,55,17
0,83,14
1,72,14
2,101,14
3,46,14
4,17,14
5,130,14
6,124,14
7,52,14
8,60,14
9,112,14
0,57,4
1,84,4
2,108,4
3,48,4
4,67,4
5,139,4
6,101,4
7,56,4
8,61,4
9,74,4
0,53,12
1,154,12
2,140,12
3,63,12
4,32,12
5,95,12
6,48,12
7,32,12
8,75,12
9,103,12
0,71,18
1,52,18
2,136,18
3,80,18
4,136,18
5,95,18
6,50,18
7,59,18
8,82,18
9,36,18
0,66,7
1,64,7
2,43,7
3,184,7
4,64,7
5,27,7
6,100,7
7,74,7
8,97,7
9,77,7
0,20,3
1,97,3
2,108,3
3,118,3
4,49,3
5,98,3
6,64,3
7,71,3
8,75,3
9,96,3
0,60,1
1,71,1
2,37,1
3,114,1
4,92,1
5,45,1
6,92,1
7,116,1
8,77,1
9,92,1
0,69,10
1,106,10
2,156,10
3,96,10
4,20,10
5,50,10
6,115,10
7,62,10
8,68,10
9,54,10
0,85,6
1,63,6
2,129,6
3,109,6
4,66,6
5,76,6
6,72,6
7,51,6
8,48,6
9,96,6
0,83,15
1,45,15
2,84,15
3,127,15
4,99,15
5,42,15
6,108,15
7,91,15
8,65,15
9,52,15
0,65,11
1,136,11
2,91,11
3,40,11
4,65,11
5,114,11
6,84,11
7,101,11
8,40,11
9,60,11
0,40,5
1,124,5
2,30,5
3,97,5
4,52,5
5,102,5
6,147,5
7,80,5
8,64,5
9,60,5
0,85,0
1,43,0
2,151,0
3,39,0
4,92,0
5,36,0
6,71,0
7,82,0
8,96,0
9,100,0
0,104,2
1,148,2
2,148,2
3,61,2
4,71,2
5,42,2
6,92,2
7,20,2
8,55,2
9,57,2
0,128,16
1,183,16
2,38,16
3,21,16
4,109,16
5,23,16
6,110,16
7,48,16
8,64,16
9,72,16
0,123,19
1,54,19
2,42,19
3,64,19
4,94,19
5,81,19
6,64,19
7,87,19
8,114,19
9,72,19
0,35,13
1,72,13
2,76,13
3,83,13
4,80,13
5,77,13
6,58,13
7,88,13
8,160,13
9,67,13
0,67,8
1,52,8
2,64,8
3,141,8
4,66,8
5,152,8
6,82,8
7,56,8
8,38,8
9,76,8
0,156,9
1,70,9
2,88,9
3,55,9
4,58,9
5,66,9
6,30,9
7,56,9
8,74,9
9,144,9
0,51,19
1,45,19
2,48,19
3,83,19
4,68,19
5,159,19
6,88,19
7,133,19
8,32,19
9,89,19
0,62,10
1,131,10
2,128,10
3,92,10
4,93,10
5,47,10
6,59,10
7,80,10
8,57,10
9,47,10
0,64,8
1,76,8
2,47,8
3,127,8
4,40,8
5,30,8
6,71,8
7,65,8
8,89,8
9,186,8
0,128,1
1,192,1
2,37,1
3,67,1
4,108,1
5,57,1
6,35,1
7,67,1
8,52,1
9,54,1
0,145,13
1,97,13
2,61,13
3,80,13
4,20,13
5,50,13
6,68,13
7,100,13
8,89,13
9,86,13
0,124,12
1,56,12
2,66,12
3,65,12
4,52,12
5,111,12
6,53,12
7,108,12
8,71,12
9,90,12
0,122,5
1,58,5
2,79,5
3,102,5
4,41,5
5,184,5
6,57,5
7,53,5
8,51,5
9,49,5
0,46,16
1,84,16
2,148,16
3,75,16
4,96,16
5,52,16
6,64,16
7,87,16
8,37,16
9,108,16
0,84,14
1,77,14
2,48,14
3,80,14
4,84,14
5,111,14
6,44,14
7,85,14
8,44,14
9,137,14
0,76,15
1,39,15
2,104,15
3,53,15
4,63,15
5,82,15
6,100,15
7,52,15
8,180,15
9,47,15
0,67,4
1,74,4
2,84,4
3,67,4
4,74,4
5,32,4
6,76,4
7,76,4
8,80,4
9,166,4
0,83,17
1,61,17
2,65,17
3,172,17
4,36,17
5,50,17
6,51,17
7,95,17
8,94,17
9,89,17
0,48,18
1,100,18
2,96,18
3,110,18
4,52,18
5,53,18
6,37,18
7,103,18
8,67,18
9,129,18
0,140,7
1,136,7
2,89,7
3,72,7
4,78,7
5,48,7
6,28,7
7,56,7
8,69,7
9,78,7
0,27,3
1,49,3
2,83,3
3,100,3
4,88,3
5,76,3
6,100,3
7,102,3
8,70,3
9,101,3
0,67,6
1,145,6
2,65,6
3,130,6
4,29,6
5,53,6
6,98,6
7,44,6
8,63,6
9,101,6
0,91,2
1,71,2
2,100,2
3,100,2
4,37,2
5,164,2
6,67,2
7,46,2
8,68,2
9,52,2
0,18,11
1,64,11
2,86,11
3,42,11
4,152,11
5,94,11
6,161,11
7,67,11
8,53,11
9,58,11
0,117,0
1,81,0
2,41,0
3,72,0
4,35,0
5,53,0
6,95,0
7,146,0
8,40,0
9,116,0
0,130,9
1,88,9
2,56,9
3,85,9
4,148,9
5,40,9
6,52,9
7,103,9
8,64,9
9,31,9
0,46,7
1,72,7
2,55,7
3,116,7
4,14,7
5,115,7
6,108,7
7,50,7
8,146,7
9,75,7
0,50,14
1,135,14
2,97,14
3,117,14
4,60,14
5,75,14
6,44,14
7,111,14
8,30,14
9,77,14
0,43,18
1,134,18
2,91,18
3,120,18
4,61,18
5,57,18
6,78,18
7,93,18
8,65,18
9,53,18
0,52,4
1,76,4
2,100,4
3,176,4
4,88,4
5,87,4
6,51,4
7,81,4
8,36,4
9,49,4
0,98,11
1,95,11
2,72,11
3,68,11
4,71,11
5,64,11
6,107,11
7,74,11
8,78,11
9,69,11
0,52,0
1,67,0
2,20,0
3,72,0
4,89,0
5,121,0
6,125,0
7,85,0
8,104,0
9,60,0
0,34,13
1,78,13
2,83,13
3,108,13
4,67,13
5,41,13
6,62,13
7,89,13
8,123,13
9,112,13
0,81,8
1,56,8
2,120,8
3,70,8
4,48,8
5,82,8
6,91,8
7,84,8
8,86,8
9,76,8
0,125,16
1,44,16
2,120,16
3,31,16
4,117,16
5,64,16
6,32,16
7,73,16
8,129,16
9,60,16
0,66,3
1,72,3
2,119,3
3,12,3
4,58,3
5,152,3
6,68,3
7,98,3
8,52,3
9,100,3
0,99,5
1,57,5
2,32,5
3,92,5
4,101,5
5,104,5
6,114,5
7,66,5
8,72,5
9,60,5
0,72,19
1,75,19
2,134,19
3,60,19
4,78,19
5,95,19
6,45,19
7,52,19
8,79,19
9,105,19
0,142,17
1,80,17
2,52,17
3,92,17
4,80,17
5,56,17
6,68,17
7,84,17
8,90,17
9,50,17
0,124,10
1,76,10
2,60,10
3,48,10
4,89,10
5,56,10
6,97,10
7,52,10
8,142,10
9,52,10
0,42,1
1,47,1
2,109,1
3,61,1
4,94,1
5,94,1
6,72,1
7,96,1
8,77,1
9,104,1
0,108,12
1,73,12
2,95,12
3,68,12
4,56,12
5,128,12
6,50,12
7,108,12
8,65,12
9,46,12
0,92,6
1,89,6
2,128,6
3,78,6
4,31,6
5,84,6
6,40,6
7,100,6
8,112,6
9,42,6
0,116,2
1,164,2
2,54,2
3,27,2
4,45,2
5,86,2
6,32,2
7,64,2
8,134,2
9,76,2
0,66,15
1,137,15
2,45,15
3,68,15
4,79,15
5,84,15
6,81,15
7,88,15
8,54,15
9,93,15
0,51,18
1,58,18
2,117,18
3,76,18
4,98,18
5,83,18
6,145,18
7,90,18
8,47,18
9,31,18
0,124,2
1,48,2
2,158,2
3,105,2
4,48,2
5,55,2
6,93,2
7,63,2
8,51,2
9,52,2
0,56,1
1,128,1
2,47,1
3,44,1
4,148,1
5,66,1
6,116,1
7,52,1
8,104,1
9,34,1
0,41,13
1,44,13
2,83,13
3,81,13
4,97,13
5,45,13
6,73,13
7,110,13
8,88,13
9,134,13
0,76,6
1,31,6
2,52,6
3,157,6
4,92,6
5,109,6
6,76,6
7,40,6
8,73,6
9,90,6
0,61,19
1,83,19
2,131,19
3,105,19
4,88,19
5,24,19
6,120,19
7,35,19
8,101,19
9,49,19
0,148,5
1,119,5
2,48,5
3,96,5
4,80,5
5,45,5
6,125,5
7,68,5
8,28,5
9,39,5
0,151,9
1,55,9
2,61,9
3,70,9
4,66,9
5,47,9
6,119,9
7,74,9
8,40,9
9,113,9
0,106,12
1,44,12
2,185,12
3,61,12
4,57,12
5,99,12
6,39,12
7,84,12
8,36,12
9,85,12
0,190,4
1,124,4
2,54,4
3,47,4
4,92,4
5,40,4
6,61,4
7,49,4
8,61,4
9,77,4
0,116,11
1,82,11
2,56,11
3,136,11
4,60,11
5,83,11
6,136,11
7,69,11
8,52,11
9,7,11
0,72,14
1,24,14
2,79,14
3,55,14
4,138,14
5,114,14
6,28,14
7,92,14
8,68,14
9,126,14
0,90,3
1,52,3
2,91,3
3,72,3
4,48,3
5,63,3
6,37,3
7,191,3
8,67,3
9,86,3
0,44,15
1,74,15
2,47,15
3,41,15
4,75,15
5,189,15
6,161,15
7,46,15
8,51,15
9,68,15
0,72,16
1,86,16
2,96,16
3,152,16
4,24,16
5,55,16
6,92,16
7,64,16
8,51,16
9,104,16
0,101,0
1,90,0
2,28,0
3,145,0
4,26,0
5,48,0
6,116,0
7,121,0
8,88,0
9,32,0
0,49,7
1,39,7
2,92,7
3,46,7
4,109,7
5,26,7
6,100,7
7,148,7
8,60,7
9,127,7
0,84,8
1,60,8
2,143,8
3,91,8
4,79,8
5,55,8
6,51,8
7,66,8
8,68,8
9,100,8
0,126,17
1,51,17
2,43,17
3,146,17
4,76,17
5,80,17
6,120,17
7,56,17
8,26,17
9,71,17
0,91,10
1,19,10
2,45,10
3,99,10
4,84,10
5,89,10
6,98,10
7,76,10
8,128,10
9,68,10
